  -6.0000000000000000       -8.8268672092920305E-267
  -5.9760000000000000        6.2198586906929918E-262
  -5.9520000000000000        7.8656181175377135E-258
  -5.9279999999999999        7.8907582022093368E-254
  -5.9039999999999999        2.6873647074526937E-250
  -5.8799999999999999        8.8383663842965036E-247
  -5.8559999999999999        1.3217824385774315E-243
  -5.8319999999999999       -1.5232931371492434E-238
  -5.8079999999999998        5.0797521128497022E-235
  -5.7839999999999998        5.2193461305581131E-231
  -5.7599999999999998        4.9694514853568998E-227
  -5.7359999999999998        1.3448303170650148E-223
  -5.7119999999999997        8.7662622215197825E-220
  -5.6879999999999997        1.1731318837395413E-216
  -5.6639999999999997        1.4073832220928571E-212
  -5.6399999999999997       -1.7098812518390112E-209
  -5.6159999999999997        1.0244342485776790E-205
  -5.5919999999999996       -1.0722132921207449E-202
  -5.5679999999999996        2.2866038751718389E-199
  -5.5439999999999996        5.5803508909714292E-195
  -5.5199999999999996        1.5279811946103694E-191
  -5.4960000000000004        5.8365899045240715E-189
  -5.4719999999999995       -5.3612105894448842E-185
  -5.4480000000000004        1.6538655788626555E-181
  -5.4239999999999995        2.3187216387037199E-179
  -5.4000000000000004       -1.6823864857784696E-175
  -5.3760000000000003       -3.7950543539009752E-172
  -5.3520000000000003        2.6720786234646591E-168
  -5.3280000000000003        4.8852298243901074E-166
  -5.3040000000000003        3.2500884773239456E-162
  -5.2800000000000002       -2.8875042747690215E-159
  -5.2560000000000002       -1.4721756155924924E-156
  -5.2320000000000002        1.3004983715235522E-153
  -5.2080000000000002       -1.8552090610880813E-150
  -5.1840000000000002        8.8488064799570964E-147
  -5.1600000000000001       -4.0462343751836963E-144
  -5.1360000000000001        1.4100646884349459E-141
  -5.1120000000000001       -2.5195684456648119E-138
  -5.0880000000000001        9.6178557229887984E-136
  -5.0640000000000001        1.1043247204490404E-133
  -5.0400000000000000        3.3184509883386521E-130
  -5.0160000000000000       -2.1300301534704456E-127
  -4.9920000000000000       -4.2521834225303716E-124
  -4.9680000000000000       -3.7164459829177049E-122
  -4.9440000000000000        1.0370665132539812E-119
  -4.9199999999999999       -1.0491770901793081E-116
  -4.8959999999999999       -6.3643630523993524E-114
  -4.8719999999999999        3.8387740315319177E-111
  -4.8479999999999999        4.8631438566805500E-109
  -4.8239999999999998        3.7727699275501254E-106
  -4.7999999999999998       -1.9382179584613584E-103
  -4.7759999999999998        5.8083266314892849E-102
  -4.7519999999999998        2.5606210366782670E-098
  -4.7279999999999998       -3.2252781083210882E-096
  -4.7039999999999997       -4.2596397064162218E-094
  -4.6799999999999997        2.5585827688291545E-092
  -4.6559999999999997       -1.4641550576699624E-089
  -4.6319999999999997       -2.7836337138049458E-087
  -4.6079999999999997       -1.3873174627923875E-085
  -4.5839999999999996        1.9204411545905647E-082
  -4.5600000000000005        2.9074068150450772E-080
  -4.5359999999999996        6.5724161562993040E-078
  -4.5120000000000005        1.8583409649453895E-075
  -4.4879999999999995        5.2201666846543052E-075
  -4.4640000000000004       -1.0484053534171176E-071
  -4.4399999999999995        5.6879692803365613E-070
  -4.4160000000000004       -1.3026098264530768E-068
  -4.3919999999999995       -1.0167105286792691E-065
  -4.3680000000000003       -7.5067890156595462E-065
  -4.3439999999999994       -2.3161749390935889E-062
  -4.3200000000000003       -4.7521367247484376E-060
  -4.2960000000000003        4.3962216709912250E-058
  -4.2720000000000002        2.8640695460760434E-056
  -4.2480000000000002       -1.9773226534918218E-055
  -4.2240000000000002        5.0144044961271698E-053
  -4.2000000000000002        3.6935948449973677E-051
  -4.1760000000000002        1.3313034885891699E-051
  -4.1520000000000001       -7.8921001233788924E-048
  -4.1280000000000001        3.8294516419363672E-046
  -4.1040000000000001       -2.6827363034001633E-045
  -4.0800000000000001        4.0920824102116995E-043
  -4.0560000000000000        4.8503250494955996E-041
  -4.0320000000000000        6.1171255784005278E-040
  -4.0080000000000000        1.3383048496444344E-038
  -3.9840000000000000        3.2024274388267089E-037
  -3.9600000000000000        1.1275660273948707E-035
  -3.9359999999999999        6.6508024610794302E-035
  -3.9119999999999999        3.4804630939297959E-034
  -3.8879999999999999        1.0121451198607777E-031
  -3.8639999999999999        5.2525604300356546E-031
  -3.8399999999999999        9.0240456084381812E-030
  -3.8159999999999998        1.9661166370177653E-028
  -3.7919999999999998        5.6561465459262103E-027
  -3.7679999999999998        4.5046860890854267E-026
  -3.7439999999999998        1.2471512381558593E-024
  -3.7199999999999998        1.9577774849731746E-024
  -3.6959999999999997        3.2425246784779653E-023
  -3.6720000000000002        6.7868708818237272E-022
  -3.6480000000000001        1.2201350729134821E-021
  -3.6240000000000001        5.8518593829213841E-021
  -3.6000000000000001        9.7872423666352899E-020
  -3.5760000000000001        1.7593541281441506E-019
  -3.5520000000000000       -2.3189463347627636E-018
  -3.5280000000000000       -3.2132649188968550E-018
  -3.5040000000000000        2.0790640958965644E-017
  -3.4800000000000000        3.1804596633728752E-017
  -3.4560000000000000        4.9888075710986686E-017
  -3.4319999999999999       -1.9952191728687477E-016
  -3.4079999999999999       -2.2168750370860728E-016
  -3.3839999999999999       -1.0071758241936632E-015
  -3.3599999999999999       -1.1638773786809669E-015
  -3.3359999999999999       -1.1872857470198069E-015
  -3.3119999999999998       -4.8485499379778109E-017
  -3.2879999999999998       -5.3319000835992366E-016
  -3.2639999999999998       -4.6551321105129526E-016
  -3.2399999999999998        4.0292531899132436E-016
  -3.2159999999999997        6.9327620241242351E-016
  -3.1919999999999997       -1.5123319725725070E-016
  -3.1680000000000001       -7.0971039109164148E-016
  -3.1440000000000001       -3.4254600103588658E-016
  -3.1200000000000001       -1.8542090611577464E-015
  -3.0960000000000001        2.4980569456805384E-015
  -3.0720000000000001       -1.2839274867505040E-015
  -3.0480000000000000       -1.2933521561022535E-015
  -3.0240000000000000       -3.2287607864056399E-016
  -3.0000000000000000       -5.5292036118779048E-015
  -2.9760000000000000       -2.1355137689542309E-014
  -2.9520000000000000       -7.1523437887890957E-014
  -2.9279999999999999       -2.2221092059285407E-013
  -2.9039999999999999       -6.8251818002646615E-013
  -2.8799999999999999       -2.0098427582212373E-012
  -2.8559999999999999       -5.7256137992897092E-012
  -2.8319999999999999       -1.5783371347207867E-011
  -2.8079999999999998       -4.2155181919804320E-011
  -2.7839999999999998       -1.0918263435739416E-010
  -2.7599999999999998       -2.7441290026499277E-010
  -2.7359999999999998       -6.6984182049519847E-010
  -2.7119999999999997       -1.5892438318278883E-009
  -2.6879999999999997       -3.6676967775213742E-009
  -2.6640000000000001       -8.2396659022437050E-009
  -2.6400000000000001       -1.8032634219397775E-008
  -2.6160000000000001       -3.8472944430145312E-008
  -2.5920000000000001       -8.0076406669378704E-008
  -2.5680000000000001       -1.6270678938033365E-007
  -2.5440000000000000       -3.2296123326211885E-007
  -2.5200000000000000       -6.2664710919152057E-007
  -2.4960000000000000       -1.1893247667826837E-006
  -2.4720000000000000       -2.2092866234545078E-006
  -2.4480000000000000       -4.0192014388267236E-006
  -2.4239999999999999       -7.1650308679896998E-006
  -2.3999999999999999       -1.2523738020193768E-005
  -2.3759999999999999       -2.1474700975724468E-005
  -2.3519999999999999       -3.6143464689540952E-005
  -2.3279999999999998       -5.9740230357247411E-005
  -2.3039999999999998       -9.7018857307475212E-005
  -2.2799999999999998       -1.5488454115591849E-004
  -2.2559999999999998       -2.4317897902546165E-004
  -2.2319999999999998       -3.7566986482445713E-004
  -2.2079999999999997       -5.7126604279359068E-004
  -2.1839999999999997       -8.5546969486276268E-004
  -2.1600000000000001       -1.2620618167307864E-003
  -2.1360000000000001       -1.8349965252925785E-003
  -2.1120000000000001       -2.6304534646303026E-003
  -2.0880000000000001       -3.7189663584112952E-003
  -2.0640000000000001       -5.1875109030484296E-003
  -2.0400000000000000       -7.1413987616454361E-003
  -2.0160000000000000       -9.7057891760319228E-003
  -1.9920000000000000       -1.3026599050705410E-002
  -1.9680000000000000       -1.7270570086905641E-002
  -1.9440000000000000       -2.2624241610363888E-002
  -1.9199999999999999       -2.9291583897963842E-002
  -1.8959999999999999       -3.7490072238102037E-002
  -1.8719999999999999       -4.7445028855534199E-002
  -1.8479999999999999       -5.9382129054806776E-002
  -1.8239999999999998       -7.3518058722467236E-002
  -1.7999999999999998       -9.0049420098931077E-002
  -1.7759999999999998      -0.10914010704618098     
  -1.7519999999999998      -0.13090750369683479     
  -1.7279999999999998      -0.15540799367408281     
  -1.7039999999999997      -0.18262239223079890     
  -1.6799999999999997      -0.21244202132532319     
  -1.6559999999999997      -0.24465622855712008     
  -1.6319999999999997      -0.27894219649486951     
  -1.6079999999999997      -0.31485789211813847     
  -1.5839999999999996      -0.35183896175399038     
  -1.5599999999999996      -0.38920028243852400     
  -1.5359999999999996      -0.42614273636871708     
  -1.5119999999999996      -0.46176558439523208     
  -1.4879999999999995      -0.49508458375594522     
  -1.4639999999999995      -0.52505573371303549     
  -1.4399999999999995      -0.55060425211707875     
  -1.4159999999999995      -0.57065809972368164     
  -1.3919999999999995      -0.58418509203313107     
  -1.3680000000000003      -0.59023238557329616     
  -1.3440000000000003      -0.58796691148821945     
  -1.3200000000000003      -0.57671516731240668     
  -1.2960000000000003      -0.55600067911225792     
  -1.2720000000000002      -0.52557741922627488     
  -1.2480000000000002      -0.48545751482810717     
  -1.2240000000000002      -0.43593171103521067     
  -1.2000000000000002      -0.37758125705457901     
  -1.1760000000000002      -0.31128015888715715     
  -1.1520000000000001      -0.23818707784058640     
  -1.1280000000000001      -0.15972653781007173     
  -1.1040000000000001       -7.7559520666480253E-002
  -1.0800000000000001        6.4560390835673087E-003
  -1.0560000000000000        9.0313920283692020E-002
  -1.0320000000000000       0.17191609432435576     
  -1.0080000000000000       0.24913530243377247     
 -0.98399999999999999       0.31988170468350990     
 -0.95999999999999996       0.38217133410844728     
 -0.93599999999999994       0.43419393200905920     
 -0.91199999999999992       0.47437767459718266     
 -0.88799999999999990       0.50144833150158030     
 -0.86399999999999988       0.51448052418058032     
 -0.83999999999999986       0.51293897392742926     
 -0.81599999999999984       0.49670793795972473     
 -0.79199999999999982       0.46610741751562401     
 -0.76799999999999979       0.42189517021005329     
 -0.74399999999999977       0.36525405376665765     
 -0.71999999999999975       0.29776475127548779     
 -0.69599999999999973       0.22136445970257521     
 -0.67199999999999971       0.13829264336441424     
 -0.64799999999999969        5.1025442631642715E-002
 -0.62399999999999967       -3.7799233552729912E-002
 -0.59999999999999964      -0.12546353168169205     
 -0.57599999999999962      -0.20925570532375024     
 -0.55199999999999960      -0.28655750970390098     
 -0.52799999999999958      -0.35492996036508739     
 -0.50399999999999956      -0.41219448894910665     
 -0.47999999999999954      -0.45650664765299970     
 -0.45599999999999952      -0.48641973567352093     
 -0.43199999999999950      -0.50093603876923587     
 -0.40799999999999947      -0.49954377622894353     
 -0.38399999999999945      -0.48223832416954676     
 -0.36000000000000032      -0.44952681368519054     
 -0.33600000000000030      -0.40241576837575987     
 -0.31200000000000028      -0.34238202826525588     
 -0.28800000000000026      -0.27132778549243219     
 -0.26400000000000023      -0.19152111091483340     
 -0.24000000000000021      -0.10552386023183934     
 -0.21600000000000019       -1.6109295246130993E-002
 -0.19200000000000017        7.3827875535819237E-002
 -0.16800000000000015       0.16136605585352753     
 -0.14400000000000013       0.24365276386734100     
 -0.12000000000000011       0.31799885417020135     
  -9.6000000000000085E-002  0.38196777999650910     
  -7.2000000000000064E-002  0.43345686932248378     
  -4.8000000000000043E-002  0.47076784640636843     
  -2.4000000000000021E-002  0.49266418397093031     
   0.0000000000000000       0.49841330862200078     
   2.4000000000000021E-002  0.48781218825087236     
   4.8000000000000043E-002  0.46119538773097357     
   7.2000000000000064E-002  0.41942526906773597     
   9.6000000000000085E-002  0.36386461407849408     
  0.12000000000000011       0.29633254106049495     
  0.14400000000000013       0.21904515147178583     
  0.16800000000000015       0.13454285915026346     
  0.19200000000000017        4.5606805465456250E-002
  0.21600000000000019       -4.4832866248581349E-002
  0.24000000000000021      -0.13379382708222498     
  0.26400000000000023      -0.21834024600350097     
  0.28800000000000026      -0.29568005122256480     
  0.31200000000000028      -0.36325752547457857     
  0.33600000000000030      -0.41883814529762614     
  0.36000000000000032      -0.46058283204982498     
  0.38400000000000034      -0.48710913489574970     
  0.40800000000000036      -0.49753730135796070     
  0.43200000000000038      -0.49151969459176093     
  0.45600000000000041      -0.46925257137184156     
  0.48000000000000043      -0.43146982227949277     
  0.50400000000000045      -0.37941887610252617     
  0.52800000000000047      -0.31481956397045147     
  0.55200000000000049      -0.23980730548306314     
  0.57600000000000051      -0.15686250021842615     
  0.60000000000000053       -6.8728466242873099E-002
  0.62400000000000055        2.1679352575322840E-002
  0.64800000000000058       0.11136989907836049     
  0.67199999999999971       0.19737553435925054     
  0.69599999999999973       0.27685030444342096     
  0.71999999999999975       0.34716418414427502     
  0.74399999999999977       0.40599017410880739     
  0.76799999999999979       0.45138136459625450     
  0.79199999999999982       0.48183541266144897     
  0.81599999999999984       0.49634429704665922     
  0.83999999999999986       0.49442770333772584     
  0.86399999999999988       0.47614893460353397     
  0.88799999999999990       0.44211282181590711     
  0.91199999999999992       0.39344570465205991     
  0.93599999999999994       0.33175814706735690     
  0.95999999999999996       0.25909162364188087     
  0.98399999999999999       0.17785094324206535     
   1.0080000000000000        9.0724648458979026E-002
   1.0320000000000000        5.9602699344559189E-004
   1.0560000000000000       -8.9552318478328091E-002
   1.0800000000000001      -0.17673718264736341     
   1.1040000000000001      -0.25807348463062274     
   1.1280000000000001      -0.33086974221912707     
   1.1520000000000001      -0.39271713387477258     
   1.1760000000000002      -0.44156920163953978     
   1.2000000000000002      -0.47580955818865317     
   1.2240000000000002      -0.49430535851336266     
   1.2480000000000002      -0.49644476800310106     
   1.2720000000000002      -0.48215718840908661     
   1.2960000000000003      -0.45191557378162273     
   1.3200000000000003      -0.40672076110258765     
   1.3440000000000003      -0.34806833537825888     
   1.3680000000000003      -0.27789912673591421     
   1.3920000000000003      -0.19853497847310986     
   1.4160000000000004      -0.11260191214034966     
   1.4400000000000004       -2.2943232491542138E-002
   1.4640000000000004        6.7474552263067769E-002
   1.4880000000000004       0.15565988201064918     
   1.5120000000000005       0.23869512073702570     
   1.5360000000000005       0.31383308257292991     
   1.5600000000000005       0.37858791474909248     
   1.5840000000000005       0.43081733120267901     
   1.6080000000000005       0.46879347687947370     
   1.6320000000000006       0.49126007902467406     
   1.6560000000000006       0.49747399549986998     
   1.6799999999999997       0.48722978639257220     
   1.7039999999999997       0.46086649682023101     
   1.7279999999999998       0.41925642729486584     
   1.7519999999999998       0.36377626384343831     
   1.7759999999999998       0.29626152356614366     
   1.7999999999999998       0.21894582316291278     
   1.8239999999999998       0.13438697991733864     
   1.8479999999999999        4.5382390098008797E-002
   1.8719999999999999       -4.5123515679895934E-002
   1.8959999999999999      -0.13413667861876907     
   1.9199999999999999      -0.21871245721565066     
   1.9440000000000000      -0.29605303572380454     
   1.9680000000000000      -0.36359997352391887     
   1.9920000000000000      -0.41911883415447554     
   2.0160000000000000      -0.46077309482320528     
   2.0400000000000009      -0.48718489187117331     
   2.0640000000000001      -0.49748059315458470     
   2.0880000000000010      -0.49131969024151284     
   2.1120000000000001      -0.46890605508775701     
   2.1360000000000010      -0.43098118920761869     
   2.1600000000000001      -0.37879968899618194     
   2.1840000000000011      -0.31408773908900978     
   2.2080000000000002      -0.23898600700735773     
   2.2319999999999993      -0.15597882826580892     
   2.2560000000000002       -6.7812024551211741E-002
   2.2799999999999994        2.2597926479109680E-002
   2.3040000000000003       0.11226036521846787     
   2.3279999999999994       0.19820937676023831     
   2.3520000000000003       0.27760189791015227     
   2.3759999999999994       0.34781175945629744     
   2.4000000000000004       0.40651655308688350     
   2.4239999999999995       0.45177444972569192     
   2.4480000000000004       0.48208842846679645     
   2.4719999999999995       0.49645579173778737     
   2.4960000000000004       0.49440132902866818     
   2.5199999999999996       0.47599303239338397     
   2.5440000000000005       0.44183984407166799     
   2.5679999999999996       0.39307151090148834     
   2.5920000000000005       0.33130121203857410     
   2.6159999999999997       0.25857219629387518     
   2.6400000000000006       0.17729019429611029     
   2.6639999999999997        9.0143841191407642E-002
   2.6880000000000006        1.5742143905258504E-005
   2.7119999999999997       -9.0112877615865408E-002
   2.7360000000000007      -0.17726078426942030     
   2.7599999999999998      -0.25854534663340301     
   2.7840000000000007      -0.33127788537668262     
   2.8079999999999998      -0.39305260639894163     
   2.8320000000000007      -0.44182617677271535     
   2.8559999999999999      -0.47598531118100501     
   2.8800000000000008      -0.49440013336992511     
   2.9039999999999999      -0.49646154766225986     
   2.9280000000000008      -0.48210138447968232     
   2.9520000000000000      -0.45179465360436299     
   2.9760000000000009      -0.40654383072852107     
   3.0000000000000000      -0.34784569711782404     
   3.0240000000000009      -0.27764182929506104     
   3.0480000000000000      -0.19825437644677352     
   3.0720000000000010      -0.11230924988012768     
   3.0960000000000001       -2.2649265214728195E-002
   3.1200000000000010        6.7759889686691138E-002
   3.1440000000000001       0.15592775075549675     
   3.1680000000000010       0.23893799301797800     
   3.1920000000000002       0.31404489336776364     
   3.2160000000000011       0.37876415014962939     
   3.2400000000000002       0.43095505556121189     
   3.2639999999999993       0.46889130290696091     
   3.2880000000000003       0.49131808666596821     
   3.3119999999999994       0.49749360672778276     
   3.3360000000000003       0.48721360401132646     
   3.3599999999999994       0.46081811594841254     
   3.3840000000000003       0.41918022842044567     
   3.4079999999999995       0.36367719623239458     
   3.4320000000000004       0.29614488739477729     
   3.4559999999999995       0.21881705807316026     
   3.4800000000000004       0.13425146681037076     
   3.5039999999999996        4.5245271934165172E-002
   3.5280000000000005       -4.5257489466503494E-002
   3.5519999999999996      -0.13426328070396970     
   3.5760000000000005      -0.21882808181529659     
   3.5999999999999996      -0.29615476792229978     
   3.6240000000000006      -0.36368562868697279     
   3.6479999999999997      -0.41918696864143490     
   3.6720000000000006      -0.46082299011292993     
   3.6959999999999997      -0.48721651496257934     
   3.7200000000000006      -0.49749453668604349     
   3.7439999999999998      -0.49131709618535918     
   3.7680000000000007      -0.46888852611808102     
   3.7919999999999998      -0.43095069191684088     
   3.8160000000000007      -0.37875845306038813     
   3.8399999999999999      -0.31403815626903236     
   3.8640000000000008      -0.23893053354142338     
   3.8879999999999999      -0.15591989378189916     
   3.9120000000000008       -6.7751950126107130E-002
   3.9359999999999999        2.2656999037923894E-002
   3.9600000000000009       0.11231653136865263     
   3.9840000000000000       0.19826101357947312     
   4.0080000000000009       0.27764769445461918     
   4.0320000000000000       0.34785073329548194     
   4.0560000000000009       0.40654805366417235     
   4.0800000000000001       0.45179814960747738     
   4.1040000000000010       0.48210430388306380     
   4.1280000000000001       0.49646409407838887     
   4.1520000000000010       0.49440254913920634     
   4.1760000000000002       0.47598785961282086     
   4.2000000000000011       0.44182912197415902     
   4.2240000000000002       0.39305619165270989     
   4.2479999999999993       0.33128231116013823     
   4.2720000000000002       0.25855074945760048     
   4.2959999999999994       0.17726721755351132     
   4.3200000000000003        9.0120295794496874E-002
   4.3439999999999994       -7.4951574449893896E-006
   4.3680000000000003       -9.0135038195397282E-002
   4.3919999999999995      -0.17728122483972067     
   4.4160000000000004      -0.25856355999821812     
   4.4399999999999995      -0.33129350491187848     
   4.4640000000000004      -0.39306540467439149     
   4.4879999999999995      -0.44183605891447697     
   4.5120000000000005      -0.47599230372252593     
   4.5359999999999996      -0.49440436944990007     
   4.5600000000000005      -0.49646324949438458     
   4.5839999999999996      -0.48210084404639852     
   4.6080000000000005      -0.45179221251505530     
   4.6319999999999997      -0.40653986013560295     
   4.6560000000000006      -0.34784057850631583     
   4.6799999999999997      -0.27763593685785953     
   4.7040000000000006      -0.19824806163442971     
   4.7279999999999998      -0.11230282857694508     
   4.7520000000000007       -2.2643007848493900E-002
   4.7759999999999998        6.7765764939973466E-002
   4.8000000000000007       0.15593308165214784     
   4.8239999999999998       0.23894267392481719     
   4.8480000000000008       0.31404887316854496     
   4.8719999999999999       0.37876742771076766     
   4.8960000000000008       0.43095767316801947     
   4.9199999999999999       0.46889333813942469     
   4.9440000000000008       0.49131964321775395     
   4.9680000000000000       0.49749480468383728     
   4.9920000000000009       0.48721457008889529     
   5.0160000000000000       0.46081897417532541     
   5.0400000000000009       0.41918109167559686     
   5.0640000000000001       0.36367815900924533     
   5.0880000000000010       0.29614602007310031     
   5.1120000000000001       0.21881840290044272     
   5.1360000000000010       0.13425303570640673     
   5.1600000000000001        4.5247046143854983E-002
   5.1840000000000011       -4.5255557932408388E-002
   5.2080000000000002      -0.13426126597944246     
   5.2320000000000011      -0.21882607964980724     
   5.2560000000000002      -0.29615288997859712     
   5.2799999999999994      -0.36368399597705575     
   5.3040000000000003      -0.41918570444136122     
   5.3279999999999994      -0.46082221271123514     
   5.3520000000000003      -0.48721633059560165     
   5.3759999999999994      -0.49749503299714359     
   5.4000000000000004      -0.49131833651501383     
   5.4239999999999995      -0.46889054488962362     
   5.4480000000000004      -0.43095349133038136     
   5.4719999999999995      -0.37876200124753173     
   5.4960000000000004      -0.31404238699593451     
   5.5199999999999996      -0.23893534748034159     
   5.5440000000000005      -0.15592516130422934     
   5.5679999999999996       -6.7757515505771165E-002
   5.5920000000000005        2.2651312180534022E-002
   5.6159999999999997       0.11231091360309295     
   5.6400000000000006       0.19825566244444012     
   5.6639999999999997       0.27764280677304226     
   5.6880000000000006       0.34784649733724515     
   5.7119999999999997       0.40654464147438790     
   5.7360000000000007       0.45179570981187023     
   5.7599999999999998       0.48210295526343222     
   5.7840000000000007       0.49646392018132834     
   5.8079999999999998       0.49440359414136631     
   5.8320000000000007       0.47599012561773657     
   5.8559999999999999       0.44183256786086389     
   5.8800000000000008       0.39306073353717474     
   5.9039999999999999       0.33128782446927579     
   5.9280000000000008       0.25855707255437754     
   5.9520000000000000       0.17727415679303693     
   5.9760000000000009        9.0127631836769445E-002
