  -6.0000000000000000       -2.0692842101630573E-267
  -5.9760000000000000       -5.2438677451786482E-263
  -5.9520000000000000       -2.5503566692371930E-261
  -5.9279999999999999       -6.8177418670674777E-256
  -5.9039999999999999       -2.1467981001545124E-251
  -5.8799999999999999       -6.7394344996170582E-249
  -5.8559999999999999       -1.0825196849320419E-244
  -5.8319999999999999       -6.4140595254968506E-240
  -5.8079999999999998       -4.9297181290308373E-236
  -5.7839999999999998       -2.2027998023079363E-232
  -5.7599999999999998       -1.5531239846678884E-228
  -5.7359999999999998        2.5952584497831615E-226
  -5.7119999999999997       -1.7830214360447735E-221
  -5.6879999999999997       -1.3061037177486835E-217
  -5.6639999999999997        2.0166691499386343E-215
  -5.6399999999999997       -1.2366041815118294E-211
  -5.6159999999999997       -2.1759076190772306E-207
  -5.5919999999999996       -2.5894020959888177E-204
  -5.5679999999999996       -2.3853141889818926E-200
  -5.5439999999999996        1.8006186014636406E-197
  -5.5199999999999996       -9.0309089251694016E-194
  -5.4960000000000004       -1.0683397304427607E-189
  -5.4719999999999995        2.8453748157474192E-187
  -5.4480000000000004       -2.8024945746386290E-183
  -5.4239999999999995       -1.2572259235951349E-179
  -5.4000000000000004       -2.9861715438934549E-176
  -5.3760000000000003        2.3638412062839189E-173
  -5.3520000000000003       -6.0878227256129455E-170
  -5.3280000000000003       -8.3906998114249776E-167
  -5.3040000000000003       -9.9407652761036136E-164
  -5.2800000000000002       -6.9443291531628265E-161
  -5.2560000000000002       -5.2225196555067619E-158
  -5.2320000000000002       -2.2693258732402058E-154
  -5.2080000000000002       -4.9904560943909335E-152
  -5.1840000000000002       -1.9988172389681469E-148
  -5.1600000000000001       -3.3072313606821579E-145
  -5.1360000000000001       -1.6514732996987841E-142
  -5.1120000000000001       -8.2883986753238904E-140
  -5.0880000000000001       -1.8868106012315524E-136
  -5.0640000000000001        1.3298931627008081E-134
  -5.0400000000000000       -1.7005664669682198E-131
  -5.0160000000000000       -4.1725190457800692E-128
  -4.9920000000000000       -1.8726063957053784E-126
  -4.9680000000000000       -1.4577358278270089E-122
  -4.9440000000000000       -2.2718874934682940E-120
  -4.9199999999999999        4.7234818989171783E-118
  -4.8959999999999999       -1.1830330450696431E-114
  -4.8719999999999999       -1.3848791080878132E-112
  -4.8479999999999999       -1.0966294443116192E-109
  -4.8239999999999998       -3.1938833453032663E-107
  -4.7999999999999998        1.2196899903433329E-104
  -4.7759999999999998       -4.9725441185618183E-102
  -4.7519999999999998       -2.0163523651522889E-101
  -4.7279999999999998       -4.5959888896711460E-097
  -4.7039999999999997       -2.0234985371836206E-095
  -4.6799999999999997       -8.2866711192378483E-094
  -4.6559999999999997       -3.7254279243404606E-091
  -4.6319999999999997       -4.1295949066261233E-088
  -4.6079999999999997       -9.2598057259947410E-086
  -4.5839999999999996       -4.1917776103402063E-084
  -4.5600000000000005        4.2070641836437427E-082
  -4.5359999999999996       -1.2143759919149700E-079
  -4.5120000000000005       -1.2585426700706850E-077
  -4.4879999999999995       -1.0718276867910706E-076
  -4.4640000000000004       -8.7165925488990988E-073
  -4.4399999999999995        2.8405609600667206E-073
  -4.4160000000000004       -3.2208493231521858E-069
  -4.3919999999999995       -1.1272913272661564E-066
  -4.3680000000000003       -4.0670454670653490E-065
  -4.3439999999999994       -2.6388352945350807E-063
  -4.3200000000000003       -4.2090970655168249E-061
  -4.2960000000000003        5.0506163599671233E-060
  -4.2720000000000002       -1.3040403341403331E-057
  -4.2480000000000002       -1.4364391542062877E-055
  -4.2240000000000002       -7.4369467936375040E-054
  -4.2000000000000002        1.4641130184159333E-052
  -4.1760000000000002       -1.1614307875071873E-050
  -4.1520000000000001        8.4635227610110584E-050
  -4.1280000000000001       -1.8526067497157464E-047
  -4.1040000000000001        3.3461881636360469E-046
  -4.0800000000000001        2.6670584985343429E-044
  -4.0560000000000000        2.0558177652911917E-043
  -4.0320000000000000       -1.3828068940327952E-041
  -4.0080000000000000        8.9565313695570814E-041
  -3.9840000000000000       -1.0507065460945710E-038
  -3.9600000000000000       -3.6751289267112026E-037
  -3.9359999999999999        2.0838606308704382E-036
  -3.9119999999999999       -1.3074720264770192E-034
  -3.8879999999999999       -2.9418397176429643E-033
  -3.8639999999999999       -4.8127743850749680E-032
  -3.8399999999999999        3.5973528228877122E-031
  -3.8159999999999998        1.4676599291034881E-030
  -3.7919999999999998       -1.7125182176491275E-028
  -3.7679999999999998        5.7235158709359354E-028
  -3.7439999999999998       -5.4480807617240396E-026
  -3.7199999999999998       -2.9983838951227176E-026
  -3.6959999999999997       -2.5164951770265071E-024
  -3.6720000000000002       -2.3761730028487838E-023
  -3.6480000000000001       -2.8119556136049204E-023
  -3.6240000000000001       -2.1017166929035043E-021
  -3.6000000000000001       -6.0687483681068800E-021
  -3.5760000000000001        3.2366146260542256E-020
  -3.5520000000000000        1.3232009918960075E-019
  -3.5280000000000000        1.2468035181683876E-018
  -3.5040000000000000        2.3649114774868044E-018
  -3.4800000000000000        9.3421574145544011E-018
  -3.4560000000000000        1.0352748934963559E-016
  -3.4319999999999999       -4.6496579816159098E-018
  -3.4079999999999999        2.5880930058550912E-016
  -3.3839999999999999        1.0425428998984426E-016
  -3.3599999999999999        2.8605853867345971E-016
  -3.3359999999999999        9.3183139891142255E-017
  -3.3119999999999998       -4.3878603967394979E-016
  -3.2879999999999998        9.0135372689321136E-017
  -3.2639999999999998        3.1984481510001046E-016
  -3.2399999999999998        1.3271129226654977E-015
  -3.2159999999999997        3.8175619171825113E-016
  -3.1919999999999997       -6.5947215268861216E-016
  -3.1680000000000001       -5.6386936586162597E-016
  -3.1440000000000001        8.3351196020410085E-016
  -3.1200000000000001        5.0430919054995877E-016
  -3.0960000000000001        5.8021092981884287E-016
  -3.0720000000000001       -2.0423435261738176E-016
  -3.0480000000000000        1.8196482475921832E-016
  -3.0240000000000000       -7.3495321490974884E-016
  -3.0000000000000000       -3.1261788241614737E-016
  -2.9760000000000000        3.0749743973143786E-016
  -2.9520000000000000        1.2002189450958780E-015
  -2.9279999999999999       -6.2143524247152445E-016
  -2.9039999999999999       -5.8933228003807273E-016
  -2.8799999999999999       -1.4008804045275336E-015
  -2.8559999999999999       -1.7486152872717235E-016
  -2.8319999999999999       -3.3318086849833107E-015
  -2.8079999999999998       -7.7816774554108351E-015
  -2.7839999999999998       -1.6632150669167304E-014
  -2.7599999999999998       -4.7268227095699999E-014
  -2.7359999999999998       -1.1445512162164717E-013
  -2.7119999999999997       -2.7759938878295011E-013
  -2.6879999999999997       -6.5268787776485807E-013
  -2.6640000000000001       -1.4887394856259723E-012
  -2.6400000000000001       -3.3225585915030981E-012
  -2.6160000000000001       -7.2236802762655261E-012
  -2.5920000000000001       -1.5338398800500404E-011
  -2.5680000000000001       -3.1814762922311741E-011
  -2.5440000000000000       -6.4520060948295813E-011
  -2.5200000000000000       -1.2800546397887448E-010
  -2.4960000000000000       -2.4861370885297177E-010
  -2.4720000000000000       -4.7300289938306566E-010
  -2.4480000000000000       -8.8210680317237298E-010
  -2.4239999999999999       -1.6134744657887975E-009
  -2.3999999999999999       -2.8963199760646536E-009
  -2.3759999999999999       -5.1053759022321013E-009
  -2.3519999999999999       -8.8420138788482408E-009
  -2.3279999999999998       -1.5054133683973202E-008
  -2.3039999999999998       -2.5210058074022531E-008
  -2.2799999999999998       -4.1546197128592102E-008
  -2.2559999999999998       -6.7413583938169212E-008
  -2.2319999999999998       -1.0775445645268153E-007
  -2.2079999999999997       -1.6974675940596123E-007
  -2.1839999999999997       -2.6366155759687882E-007
  -2.1600000000000001       -4.0398557445507988E-007
  -2.1360000000000001       -6.1086806513423020E-007
  -2.1120000000000001       -9.1195745548565190E-007
  -2.0880000000000001       -1.3446981598017110E-006
  -2.0640000000000001       -1.9591610608428063E-006
  -2.0400000000000000       -2.8214819167670282E-006
  -2.0160000000000000       -4.0179794943748712E-006
  -1.9920000000000000       -5.6600195881933111E-006
  -1.9680000000000000       -7.8896813701048034E-006
  -1.9440000000000000       -1.0886268882874843E-005
  -1.9199999999999999       -1.4873692729124515E-005
  -1.8959999999999999       -2.0128725398408456E-005
  -1.8719999999999999       -2.6990108622396363E-005
  -1.8479999999999999       -3.5868463144928600E-005
  -1.8239999999999998       -4.7256921486712879E-005
  -1.7999999999999998       -6.1742373175513541E-005
  -1.7759999999999998       -8.0017181205924794E-005
  -1.7519999999999998       -1.0289119883270410E-004
  -1.7279999999999998       -1.3130388879283608E-004
  -1.7039999999999997       -1.6633632358987283E-004
  -1.6799999999999997       -2.0922282679895085E-004
  -1.6559999999999997       -2.6136200218549864E-004
  -1.6319999999999997       -3.2432689068334544E-004
  -1.6079999999999997       -3.9987399515914977E-004
  -1.5839999999999996       -4.8995091986533338E-004
  -1.5599999999999996       -5.9670238525408163E-004
  -1.5359999999999996       -7.2247439939538175E-004
  -1.5119999999999996       -8.6981639373537832E-004
  -1.4879999999999995       -1.0414811628019524E-003
  -1.4639999999999995       -1.2404224839150056E-003
  -1.4399999999999995       -1.4697903324734011E-003
  -1.4159999999999995       -1.7329236505355143E-003
  -1.3919999999999995       -2.0333406693143403E-003
  -1.3680000000000003       -2.3747268292025952E-003
  -1.3440000000000003       -2.7609203827723746E-003
  -1.3200000000000003       -3.1958958056613491E-003
  -1.2960000000000003       -3.6837451767895435E-003
  -1.2720000000000002       -4.2286577218782571E-003
  -1.2480000000000002       -4.8348977422127994E-003
  -1.2240000000000002       -5.5067811738159682E-003
  -1.2000000000000002       -6.2486510398970969E-003
  -1.1760000000000002       -7.0648520719251559E-003
  -1.1520000000000001       -7.9597047817887082E-003
  -1.1280000000000001       -8.9374792692993848E-003
  -1.1040000000000001       -1.0002369046342198E-002
  -1.0800000000000001       -1.1158465151260132E-002
  -1.0560000000000000       -1.2409730815445878E-002
  -1.0320000000000000       -1.3759976928815585E-002
  -1.0080000000000000       -1.5212838532515614E-002
 -0.98399999999999999       -1.6771752546576011E-002
 -0.95999999999999996       -1.8439936917549721E-002
 -0.93599999999999994       -2.0220371347365134E-002
 -0.91199999999999992       -2.2115779739935094E-002
 -0.88799999999999990       -2.4128614477289916E-002
 -0.86399999999999988       -2.6261042612209705E-002
 -0.83999999999999986       -2.8514934040394443E-002
 -0.81599999999999984       -3.0891851692047043E-002
 -0.79199999999999982       -3.3393043760953631E-002
 -0.76799999999999979       -3.6019437968710266E-002
 -0.74399999999999977       -3.8771637843164869E-002
 -0.71999999999999975       -4.1649920973084731E-002
 -0.69599999999999973       -4.4654239185999797E-002
 -0.67199999999999971       -4.7784220582971791E-002
 -0.64799999999999969       -5.1039173352514081E-002
 -0.62399999999999967       -5.4418091276341965E-002
 -0.59999999999999964       -5.7919660831570859E-002
 -0.57599999999999962       -6.1542269787530135E-002
 -0.55199999999999960       -6.5284017190478424E-002
 -0.52799999999999958       -6.9142724625561258E-002
 -0.50399999999999956       -7.3115948642881845E-002
 -0.47999999999999954       -7.7200994232741585E-002
 -0.45599999999999952       -8.1394929234274063E-002
 -0.43199999999999950       -8.5694599561418339E-002
 -0.40799999999999947       -9.0096645130408756E-002
 -0.38399999999999945       -9.4597516373659901E-002
 -0.36000000000000032       -9.9193491225828101E-002
 -0.33600000000000030      -0.10388069246909894     
 -0.31200000000000028      -0.10865510532610335     
 -0.28800000000000026      -0.11351259519044821     
 -0.26400000000000023      -0.11844892538668535     
 -0.24000000000000021      -0.12345977485349997     
 -0.21600000000000019      -0.12854075564626719     
 -0.19200000000000017      -0.13368743015784493     
 -0.16800000000000015      -0.13889532795960610     
 -0.14400000000000013      -0.14415996216853427     
 -0.12000000000000011      -0.14947684525052457     
  -9.6000000000000085E-002 -0.15484150417531320     
  -7.2000000000000064E-002 -0.16024949484433698     
  -4.8000000000000043E-002 -0.16569641571968910     
  -2.4000000000000021E-002 -0.17117792059004835     
   0.0000000000000000      -0.17668973041782873     
   2.4000000000000021E-002 -0.18222764422124715     
   4.8000000000000043E-002 -0.18778754895470037     
   7.2000000000000064E-002 -0.19336542836135590     
   9.6000000000000085E-002 -0.19895737078250783     
  0.12000000000000011      -0.20455957591911320     
  0.14400000000000013      -0.21016836055159499     
  0.16800000000000015      -0.21578016323445520     
  0.19200000000000017      -0.22139154799208896     
  0.21600000000000019      -0.22699920705134458     
  0.24000000000000021      -0.23259996265460819     
  0.26400000000000023      -0.23819076800435685     
  0.28800000000000026      -0.24376870739622467     
  0.31200000000000028      -0.24933099560232297     
  0.33600000000000030      -0.25487497657020719     
  0.36000000000000032      -0.26039812150506630     
  0.38400000000000034      -0.26589802640397037     
  0.40800000000000036      -0.27137240911084010     
  0.43200000000000038      -0.27681910595982834     
  0.45600000000000041      -0.28223606807283552     
  0.48000000000000043      -0.28762135737418498     
  0.50400000000000045      -0.29297314238206196     
  0.52800000000000047      -0.29828969383247755     
  0.55200000000000049      -0.30356938018731289     
  0.57600000000000051      -0.30881066307350735     
  0.60000000000000053      -0.31401209269582619     
  0.62400000000000055      -0.31917230326106577     
  0.64800000000000058      -0.32429000844695977     
  0.67199999999999971      -0.32936399694465140     
  0.69599999999999973      -0.33439312809932847     
  0.71999999999999975      -0.33937632766970344     
  0.74399999999999977      -0.34431258372317880     
  0.76799999999999979      -0.34920094268028112     
  0.79199999999999982      -0.35404050551866068     
  0.81599999999999984      -0.35883042414433070     
  0.83999999999999986      -0.36356989793511907     
  0.86399999999999988      -0.36825817045933334     
  0.88799999999999990      -0.37289452637044396     
  0.91199999999999992      -0.37747828847729836     
  0.93599999999999994      -0.38200881498757600     
  0.95999999999999996      -0.38648549692136874     
  0.98399999999999999      -0.39090775569055952     
   1.0080000000000000      -0.39527504083905496     
   1.0320000000000000      -0.39958682793822936     
   1.0560000000000000      -0.40384261663149029     
   1.0800000000000001      -0.40804192882155793     
   1.1040000000000001      -0.41218430699382214     
   1.1280000000000001      -0.41626931266899525     
   1.1520000000000001      -0.42029652497833142     
   1.1760000000000002      -0.42426553935454009     
   1.2000000000000002      -0.42817596633175364     
   1.2240000000000002      -0.43202743044801717     
   1.2480000000000002      -0.43581956924384752     
   1.2720000000000002      -0.43955203235076179     
   1.2960000000000003      -0.44322448066372827     
   1.3200000000000003      -0.44683658559188316     
   1.3440000000000003      -0.45038802838201553     
   1.3680000000000003      -0.45387849950959319     
   1.3920000000000003      -0.45730769813243288     
   1.4160000000000004      -0.46067533160225466     
   1.4400000000000004      -0.46398111502977418     
   1.4640000000000004      -0.46722477089908737     
   1.4880000000000004      -0.47040602872747350     
   1.5120000000000005      -0.47352462476693818     
   1.5360000000000005      -0.47658030174399169     
   1.5600000000000005      -0.47957280863454343     
   1.5840000000000005      -0.48250190047080177     
   1.6080000000000005      -0.48536733817743904     
   1.6320000000000006      -0.48816888843440559     
   1.6560000000000006      -0.49090632356397451     
   1.6799999999999997      -0.49357942143974287     
   1.7039999999999997      -0.49618796541553650     
   1.7279999999999998      -0.49873174427228084     
   1.7519999999999998      -0.50121055218105381     
   1.7759999999999998      -0.50362418868070868     
   1.7999999999999998      -0.50597245866848706     
   1.8239999999999998      -0.50825517240226448     
   1.8479999999999999      -0.51047214551315134     
   1.8719999999999999      -0.51262319902723830     
   1.8959999999999999      -0.51470815939543457     
   1.9199999999999999      -0.51672685853037226     
   1.9440000000000000      -0.51867913384947884     
   1.9680000000000000      -0.52056482832338191     
   1.9920000000000000      -0.52238379052888817     
   2.0160000000000000      -0.52413587470583078     
   2.0400000000000009      -0.52582094081715847     
   2.0640000000000001      -0.52743885461169371     
   2.0880000000000010      -0.52898948768900000     
   2.1120000000000001      -0.53047271756594105     
   2.1360000000000010      -0.53188842774444978     
   2.1600000000000001      -0.53323650778011245     
   2.1840000000000011      -0.53451685335125032     
   2.2080000000000002      -0.53572936632815282     
   2.2319999999999993      -0.53687395484219291     
   2.2560000000000002      -0.53795053335455056     
   2.2799999999999994      -0.53895902272429363     
   2.3040000000000003      -0.53989935027566727     
   2.3279999999999994      -0.54077144986436321     
   2.3520000000000003      -0.54157526194260042     
   2.3759999999999994      -0.54231073362290105     
   2.4000000000000004      -0.54297781874039952     
   2.4239999999999995      -0.54357647791361252     
   2.4480000000000004      -0.54410667860353679     
   2.4719999999999995      -0.54456839517101319     
   2.4960000000000004      -0.54496160893225642     
   2.5199999999999996      -0.54528630821250812     
   2.5440000000000005      -0.54554248839778230     
   2.5679999999999996      -0.54573015198459174     
   2.5920000000000005      -0.54584930862769543     
   2.6159999999999997      -0.54589997518578581     
   2.6400000000000006      -0.54588217576510267     
   2.6639999999999997      -0.54579594176099000     
   2.6880000000000006      -0.54564131189733278     
   2.7119999999999997      -0.54541833226388814     
   2.7360000000000007      -0.54512705635155922     
   2.7599999999999998      -0.54476754508550929     
   2.7840000000000007      -0.54433986685621849     
   2.8079999999999998      -0.54384409754842533     
   2.8320000000000007      -0.54328032056799991     
   2.8559999999999999      -0.54264862686674586     
   2.8800000000000008      -0.54194911496514553     
   2.9039999999999999      -0.54118189097306435     
   2.9280000000000008      -0.54034706860845427     
   2.9520000000000000      -0.53944476921403162     
   2.9760000000000009      -0.53847512177199341     
   3.0000000000000000      -0.53743826291676844     
   3.0240000000000009      -0.53633433694583144     
   3.0480000000000000      -0.53516349582858591     
   3.0720000000000010      -0.53392589921338640     
   3.0960000000000001      -0.53262171443265682     
   3.1200000000000010      -0.53125111650621282     
   3.1440000000000001      -0.52981428814269949     
   3.1680000000000010      -0.52831141973930540     
   3.1920000000000002      -0.52674270937962675     
   3.2160000000000011      -0.52510836282987416     
   3.2400000000000002      -0.52340859353328084     
   3.2639999999999993      -0.52164362260285102     
   3.2880000000000003      -0.51981367881243401     
   3.3119999999999994      -0.51791899858612911     
   3.3360000000000003      -0.51595982598607570     
   3.3599999999999994      -0.51393641269865231     
   3.3840000000000003      -0.51184901801907445     
   3.4079999999999995      -0.50969790883446753     
   3.4320000000000004      -0.50748335960536251     
   3.4559999999999995      -0.50520565234572912     
   3.4800000000000004      -0.50286507660148505     
   3.5039999999999996      -0.50046192942755396     
   3.5280000000000005      -0.49799651536347883     
   3.5519999999999996      -0.49546914640761769     
   3.5760000000000005      -0.49288014198991703     
   3.5999999999999996      -0.49022982894331724     
   3.6240000000000006      -0.48751854147379375     
   3.6479999999999997      -0.48474662112905936     
   3.6720000000000006      -0.48191441676594998     
   3.6959999999999997      -0.47902228451647449     
   3.7200000000000006      -0.47607058775263772     
   3.7439999999999998      -0.47305969704993833     
   3.7680000000000007      -0.46998999014966836     
   3.7919999999999998      -0.46686185191994362     
   3.8160000000000007      -0.46367567431554557     
   3.8399999999999999      -0.46043185633657585     
   3.8640000000000008      -0.45713080398592143     
   3.8879999999999999      -0.45377293022555759     
   3.9120000000000008      -0.45035865493171745     
   3.9359999999999999      -0.44688840484893111     
   3.9600000000000009      -0.44336261354294759     
   3.9840000000000000      -0.43978172135258492     
   4.0080000000000009      -0.43614617534047018     
   4.0320000000000000      -0.43245642924274325     
   4.0560000000000009      -0.42871294341770577     
   4.0800000000000001      -0.42491618479341930     
   4.1040000000000010      -0.42106662681431212     
   4.1280000000000001      -0.41716474938676745     
   4.1520000000000010      -0.41321103882373450     
   4.1760000000000002      -0.40920598778834738     
   4.2000000000000011      -0.40515009523660461     
   4.2240000000000002      -0.40104386635909317     
   4.2479999999999993      -0.39688781252177974     
   4.2720000000000002      -0.39268245120588002     
   4.2959999999999994      -0.38842830594683742     
   4.3200000000000003      -0.38412590627240289     
   4.3439999999999994      -0.37977578763983533     
   4.3680000000000003      -0.37537849137223661     
   4.3919999999999995      -0.37093456459404373     
   4.4160000000000004      -0.36644456016567595     
   4.4399999999999995      -0.36190903661736040     
   4.4640000000000004      -0.35732855808214697     
   4.4879999999999995      -0.35270369422811826     
   4.5120000000000005      -0.34803502018981675     
   4.5359999999999996      -0.34332311649890890     
   4.5600000000000005      -0.33856856901406318     
   4.5839999999999996      -0.33377196885010674     
   4.6080000000000005      -0.32893391230641839     
   4.6319999999999997      -0.32405500079463784     
   4.6560000000000006      -0.31913584076560908     
   4.6799999999999997      -0.31417704363568222     
   4.7040000000000006      -0.30917922571227952     
   4.7279999999999998      -0.30414300811881834     
   4.7520000000000007      -0.29906901671896158     
   4.7759999999999998      -0.29395788204021528     
   4.8000000000000007      -0.28881023919689180     
   4.8239999999999998      -0.28362672781245135     
   4.8480000000000008      -0.27840799194121457     
   4.8719999999999999      -0.27315467998949383     
   4.8960000000000008      -0.26786744463611872     
   4.9199999999999999      -0.26254694275239093     
   4.9440000000000008      -0.25719383532146872     
   4.9680000000000000      -0.25180878735720519     
   4.9920000000000009      -0.24639246782243734     
   5.0160000000000000      -0.24094554954675013     
   5.0400000000000009      -0.23546870914371798     
   5.0640000000000001      -0.22996262692764197     
   5.0880000000000010      -0.22442798682979950     
   5.1120000000000001      -0.21886547631419723     
   5.1360000000000010      -0.21327578629287164     
   5.1600000000000001      -0.20765961104071132     
   5.1840000000000011      -0.20201764810985501     
   5.2080000000000002      -0.19635059824363543     
   5.2320000000000011      -0.19065916529011132     
   5.2560000000000002      -0.18494405611518541     
   5.2799999999999994      -0.17920598051532566     
   5.3040000000000003      -0.17344565112989582     
   5.3279999999999994      -0.16766378335311743     
   5.3520000000000003      -0.16186109524565798     
   5.3759999999999994      -0.15603830744587971     
   5.4000000000000004      -0.15019614308074206     
   5.4239999999999995      -0.14433532767637991     
   5.4480000000000004      -0.13845658906836233     
   5.4719999999999995      -0.13256065731165453     
   5.4960000000000004      -0.12664826459028067     
   5.5199999999999996      -0.12072014512671533     
   5.5440000000000005      -0.11477703509099953     
   5.5679999999999996      -0.10881967250960602     
   5.5920000000000005      -0.10284879717405929     
   5.6159999999999997       -9.6865150549323376E-002
   5.6400000000000006       -9.0869475681970430E-002
   5.6639999999999997       -8.4862517108141453E-002
   5.6880000000000006       -7.8845020761311016E-002
   5.7119999999999997       -7.2817733879867702E-002
   5.7360000000000007       -6.6781404914522446E-002
   5.7599999999999998       -6.0736783435557676E-002
   5.7840000000000007       -5.4684620039927738E-002
   5.8079999999999998       -4.8625666258223343E-002
   5.8320000000000007       -4.2560674461511384E-002
   5.8559999999999999       -3.6490397768063891E-002
   5.8800000000000008       -3.0415589949984924E-002
   5.9039999999999999       -2.4337005339750115E-002
   5.9280000000000008       -1.8255398736670113E-002
   5.9520000000000000       -1.2171525313288724E-002
   5.9760000000000009       -6.0861405217293024E-003
