  -6.0000000000000000       -9.0584012092817067E-267
  -5.9760000000000000       -5.8740696525504221E-262
  -5.9520000000000000       -6.4426901074602945E-258
  -5.9279999999999999       -6.7885012922469408E-254
  -5.9039999999999999       -3.4517790485219792E-250
  -5.8799999999999999       -2.4782333735076490E-247
  -5.8559999999999999       -3.8524607995145172E-243
  -5.8319999999999999        1.0543107721276207E-238
  -5.8079999999999998       -3.4395603767485352E-235
  -5.7839999999999998       -4.6338874776898622E-231
  -5.7599999999999998       -3.3619385464322919E-227
  -5.7359999999999998       -1.2459845681685871E-223
  -5.7119999999999997       -5.5086164177977561E-220
  -5.6879999999999997       -7.3909414898483050E-217
  -5.6639999999999997       -1.2159196476150671E-212
  -5.6399999999999997        1.8763710994082027E-210
  -5.6159999999999997       -5.9828354223644833E-206
  -5.5919999999999996        8.0510098917068187E-203
  -5.5679999999999996       -3.6222410478189914E-199
  -5.5439999999999996       -5.4360414952763934E-195
  -5.5199999999999996       -1.5542187774890841E-191
  -5.4960000000000004       -2.9021701256860900E-189
  -5.4719999999999995        1.7030137646082765E-185
  -5.4480000000000004       -1.3526187699445244E-181
  -5.4239999999999995       -3.7386753353056063E-179
  -5.4000000000000004        1.2954542047789544E-175
  -5.3760000000000003        2.7749286839779622E-173
  -5.3520000000000003       -1.7928631202819512E-168
  -5.3280000000000003       -5.8451990838280826E-166
  -5.3040000000000003       -3.0649866863596897E-162
  -5.2800000000000002        2.4977800100375174E-159
  -5.2560000000000002       -1.1861356998657647E-158
  -5.2320000000000002       -1.8009640409441015E-153
  -5.2080000000000002        8.8213700244805733E-151
  -5.1840000000000002       -7.0778904318650400E-147
  -5.1600000000000001        3.9595240812761767E-144
  -5.1360000000000001       -9.4259558115688757E-142
  -5.1120000000000001        8.0025514142039332E-139
  -5.0880000000000001       -7.6561265464102783E-136
  -5.0640000000000001       -6.8285783007426213E-133
  -5.0400000000000000       -8.6123263113201372E-130
  -5.0160000000000000        4.8033444318822692E-128
  -4.9920000000000000        3.8808976617580952E-124
  -4.9680000000000000       -2.8664144738786547E-122
  -4.9440000000000000       -1.4407347304364451E-119
  -4.9199999999999999        1.0337402058025900E-116
  -4.8959999999999999       -4.1536899477516165E-114
  -4.8719999999999999       -2.6364578727151946E-111
  -4.8479999999999999       -1.2808719274481815E-108
  -4.8239999999999998       -7.5568013766562782E-106
  -4.7999999999999998        1.1215727271996550E-103
  -4.7759999999999998       -4.0461045365519636E-102
  -4.7519999999999998       -1.9888515355836546E-098
  -4.7279999999999998        3.4265007637861500E-096
  -4.7039999999999997        1.4276740176331023E-094
  -4.6799999999999997       -9.4807892631324442E-092
  -4.6559999999999997       -2.0274837748569114E-090
  -4.6319999999999997        1.1892044903540028E-087
  -4.6079999999999997       -4.0950584229222321E-085
  -4.5839999999999996       -2.6559378397228726E-082
  -4.5600000000000005       -2.8281419222495090E-080
  -4.5359999999999996       -7.1247926303886640E-078
  -4.5120000000000005       -1.5751294459500010E-075
  -4.4879999999999995       -2.1551492980991914E-074
  -4.4640000000000004        9.9053577488445256E-072
  -4.4399999999999995       -9.5333483905934309E-070
  -4.4160000000000004        1.1518596855492281E-068
  -4.3919999999999995        6.7842399028178170E-066
  -4.3680000000000003       -4.3947373093382020E-064
  -4.3439999999999994       -8.8074923943544270E-063
  -4.3200000000000003       -1.1537095811856462E-061
  -4.2960000000000003       -4.9892861881460629E-058
  -4.2720000000000002       -2.2570171386542253E-056
  -4.2480000000000002       -6.6945292810785410E-055
  -4.2240000000000002       -4.5454427874957932E-053
  -4.2000000000000002       -3.8556330723160407E-051
  -4.1760000000000002        5.2824171603315619E-051
  -4.1520000000000001        2.5422145315154359E-048
  -4.1280000000000001       -3.3835246098087409E-046
  -4.1040000000000001       -4.7228768920233447E-045
  -4.0800000000000001       -3.9461484839817839E-043
  -4.0560000000000000       -3.5308696395161276E-041
  -4.0320000000000000       -2.6277713755414723E-040
  -4.0080000000000000       -9.5922885980151369E-039
  -3.9840000000000000       -2.6087245024107177E-037
  -3.9600000000000000       -1.2093421615952652E-035
  -3.9359999999999999       -1.1025089896761485E-034
  -3.9119999999999999       -1.1627117706715198E-033
  -3.8879999999999999       -6.6226861511041295E-032
  -3.8639999999999999       -3.8550216248581642E-032
  -3.8399999999999999       -1.4881837830208902E-029
  -3.8159999999999998       -2.8770415278587152E-028
  -3.7919999999999998       -5.3213084785853316E-027
  -3.7679999999999998       -3.2254789266562823E-026
  -3.7439999999999998       -1.0621435590681346E-024
  -3.7199999999999998        2.1458125113292014E-025
  -3.6959999999999997       -1.2657181392658419E-023
  -3.6720000000000002       -6.4049068109516359E-022
  -3.6480000000000001       -2.2132570250216081E-021
  -3.6240000000000001       -1.6362002257672080E-020
  -3.6000000000000001       -1.4347399516974724E-019
  -3.5760000000000001       -5.1152368486773450E-019
  -3.5520000000000000        1.0635979005061751E-018
  -3.5280000000000000       -1.4728307185508734E-018
  -3.5040000000000000       -2.5043320820016541E-017
  -3.4800000000000000       -8.1430190504753576E-017
  -3.4560000000000000       -2.7428246083908851E-016
  -3.4319999999999999       -1.9287115388955093E-016
  -3.4079999999999999       -9.5017450777088627E-017
  -3.3839999999999999       -1.4739436143530677E-016
  -3.3599999999999999        5.4674508777880085E-016
  -3.3359999999999999       -3.9850772945474339E-016
  -3.3119999999999998       -1.8728520440709057E-016
  -3.2879999999999998       -8.7461968086256029E-016
  -3.2639999999999998        2.4691712326080265E-017
  -3.2399999999999998       -1.2050437349117758E-016
  -3.2159999999999997       -1.1666423299739848E-017
  -3.1919999999999997        7.3856356185936691E-016
  -3.1680000000000001       -9.8166089506380435E-017
  -3.1440000000000001       -1.1701895255258490E-015
  -3.1200000000000001        1.4452698863249401E-015
  -3.0960000000000001        1.2678627072529723E-015
  -3.0720000000000001        1.1602799320105398E-015
  -3.0480000000000000        4.5430172641999270E-017
  -3.0240000000000000       -6.5894357229744809E-017
  -3.0000000000000000        2.7843989978948243E-015
  -2.9760000000000000        8.6288558185034294E-015
  -2.9520000000000000        2.9067790457682699E-014
  -2.9279999999999999        9.6292183391903262E-014
  -2.9039999999999999        2.9232378976652256E-013
  -2.8799999999999999        8.6280146430963647E-013
  -2.8559999999999999        2.4625385390302289E-012
  -2.8319999999999999        6.8072376317351705E-012
  -2.8079999999999998        1.8227725884178006E-011
  -2.7839999999999998        4.7347285172367909E-011
  -2.7599999999999998        1.1935605477187808E-010
  -2.7359999999999998        2.9225609919416388E-010
  -2.7119999999999997        6.9565703610288837E-010
  -2.6879999999999997        1.6108902489967510E-009
  -2.6640000000000001        3.6316972396321341E-009
  -2.6400000000000001        7.9771160793692551E-009
  -2.6160000000000001        1.7084060708593368E-008
  -2.5920000000000001        3.5698770731939097E-008
  -2.5680000000000001        7.2833888463983505E-008
  -2.5440000000000000        1.4518630720815892E-007
  -2.5200000000000000        2.8295430758630857E-007
  -2.4960000000000000        5.3949159775183861E-007
  -2.4720000000000000        1.0069378422208777E-006
  -2.4480000000000000        1.8409193065654834E-006
  -2.4239999999999999        3.2986644025283174E-006
  -2.3999999999999999        5.7964576576318048E-006
  -2.3759999999999999        9.9942669628420248E-006
  -2.3519999999999999        1.6917583964878550E-005
  -2.3279999999999998        2.8128920647255608E-005
  -2.3039999999999998        4.5963835049036768E-005
  -2.2799999999999998        7.3848559745810725E-005
  -2.2559999999999998        1.1671793057770571E-004
  -2.2319999999999998        1.8155292869782727E-004
  -2.2079999999999997        2.7805625889910251E-004
  -2.1839999999999997        4.1948146388436281E-004
  -2.1600000000000001        6.2362560905340758E-004
  -2.1360000000000001        9.1398714028689593E-004
  -2.1120000000000001        1.3210788478940525E-003
  -2.0880000000000001        1.8838709239380248E-003
  -2.0640000000000001        2.6513211366420383E-003
  -2.0400000000000000        3.6839287767410941E-003
  -2.0160000000000000        5.0552272484144607E-003
  -1.9920000000000000        6.8531083502971542E-003
  -1.9680000000000000        9.1808511204870286E-003
  -1.9440000000000000        1.2157711552030520E-002
  -1.9199999999999999        1.5918918596999537E-002
  -1.8959999999999999        2.0614918711919495E-002
  -1.8719999999999999        2.6409717595877628E-002
  -1.8479999999999999        3.3478185184468746E-002
  -1.8239999999999998        4.2002219275145199E-002
  -1.7999999999999998        5.2165704544929289E-002
  -1.7759999999999998        6.4148256530083742E-002
  -1.7519999999999998        7.8117802841282863E-002
  -1.7279999999999998        9.4222124088978731E-002
  -1.7039999999999997       0.11257955149676696     
  -1.6799999999999997       0.13326909313289723     
  -1.6559999999999997       0.15632033177799326     
  -1.6319999999999997       0.18170350013886727     
  -1.6079999999999997       0.20932018893872481     
  -1.5839999999999996       0.23899517622815056     
  -1.5599999999999996       0.27046987855496896     
  -1.5359999999999996       0.30339791375984826     
  -1.5119999999999996       0.33734322956293350     
  -1.4879999999999995       0.37178119143606975     
  -1.4639999999999995       0.40610293848450313     
  -1.4399999999999995       0.43962320947404887     
  -1.4159999999999995       0.47159171626250090     
  -1.3919999999999995       0.50120800336090687     
  -1.3680000000000003       0.52763958569666247     
  -1.3440000000000003       0.55004300806144490     
  -1.3200000000000003       0.56758732574550230     
  -1.2960000000000003       0.57947937307727704     
  -1.2720000000000002       0.58499007132671432     
  -1.2480000000000002       0.58348093544665480     
  -1.2240000000000002       0.57442987532779888     
  -1.2000000000000002       0.55745535545982572     
  -1.1760000000000002       0.53233797969049745     
  -1.1520000000000001       0.49903860633635622     
  -1.1280000000000001       0.45771217295060629     
  -1.1040000000000001       0.40871651787667918     
  -1.0800000000000001       0.35261562420447085     
  -1.0560000000000000       0.29017687653141394     
  -1.0320000000000000       0.22236210655244124     
  -1.0080000000000000       0.15031240362378592     
 -0.98399999999999999        7.5326874097802143E-002
 -0.95999999999999996       -1.1642589218179909E-003
 -0.93599999999999994       -7.7631623119257379E-002
 -0.91199999999999992      -0.15248295332104703     
 -0.88799999999999990      -0.22410269320361115     
 -0.86399999999999988      -0.29089386118849830     
 -0.83999999999999986      -0.35132099409123413     
 -0.81599999999999984      -0.40395291331653588     
 -0.79199999999999982      -0.44750402894705871     
 -0.76799999999999979      -0.48087290846486314     
 -0.74399999999999977      -0.50317688921902493     
 -0.71999999999999975      -0.51378160588939392     
 -0.69599999999999973      -0.51232443356053126     
 -0.67199999999999971      -0.49873100985152485     
 -0.64799999999999969      -0.47322419099192686     
 -0.62399999999999967      -0.43632501100561727     
 -0.59999999999999964      -0.38884544373620683     
 -0.57599999999999962      -0.33187300726485330     
 -0.55199999999999960      -0.26674749197621195     
 -0.52799999999999958      -0.19503032969218720     
 -0.50399999999999956      -0.11846734464952891     
 -0.47999999999999954       -3.8945830763497037E-002
 -0.45599999999999952        4.1552922690829809E-002
 -0.43199999999999950       0.12100438863903046     
 -0.40799999999999947       0.19739346449498113     
 -0.38399999999999945       0.26876758999532296     
 -0.36000000000000032       0.33328884253319319     
 -0.33600000000000030       0.38928354591946496     
 -0.31200000000000028       0.43528798508764516     
 -0.28800000000000026       0.47008891696629168     
 -0.26400000000000023       0.49275770386185902     
 -0.24000000000000021       0.50267706638527476     
 -0.21600000000000019       0.49955965336232433     
 -0.19200000000000017       0.48345785056561924     
 -0.16800000000000015       0.45476449206971603     
 -0.14400000000000013       0.41420439062691000     
 -0.12000000000000011       0.36281685944938985     
  -9.6000000000000085E-002  0.30192964983248421     
  -7.2000000000000064E-002  0.23312496995257939     
  -4.8000000000000043E-002  0.15819847304300855     
  -2.4000000000000021E-002   7.9112301642308869E-002
   0.0000000000000000       -2.0565569158436220E-003
   2.4000000000000021E-002  -8.3171214907752672E-002
   4.8000000000000043E-002 -0.16209164450467092     
   7.2000000000000064E-002 -0.23673171596411277     
   9.6000000000000085E-002 -0.30511496446540420     
  0.12000000000000011      -0.36542756797182424     
  0.14400000000000013      -0.41606709213327148     
  0.16800000000000015      -0.45568567174111363     
  0.19200000000000017      -0.48322644838488144     
  0.21600000000000019      -0.49795226650767060     
  0.24000000000000021      -0.49946583990338539     
  0.26400000000000023      -0.48772083200496774     
  0.28800000000000026      -0.46302353967801024     
  0.31200000000000028      -0.42602512487669786     
  0.33600000000000030      -0.37770459446538268     
  0.36000000000000032      -0.31934297878452494     
  0.38400000000000034      -0.25248939735754566     
  0.40800000000000036      -0.17891991907804905     
  0.43200000000000038      -0.10059031840714447     
  0.45600000000000041       -1.9583993362218492E-002
  0.48000000000000043        6.1943558966908042E-002
  0.50400000000000045       0.14182222140267564     
  0.52800000000000047       0.21792515007484481     
  0.55200000000000049       0.28822553145038021     
  0.57600000000000051       0.35085068317738222     
  0.60000000000000053       0.40413205061026236     
  0.62400000000000055       0.44664976131527750     
  0.64800000000000058       0.47727054601425350     
  0.67199999999999971       0.49517801234909542     
  0.69599999999999973       0.49989446274251714     
  0.71999999999999975       0.49129367398557611     
  0.74399999999999977       0.46960429793363778     
  0.76799999999999979       0.43540379337301521     
  0.79199999999999982       0.38960305203752077     
  0.81599999999999984       0.33342213016317229     
  0.83999999999999986       0.26835773425503878     
  0.86399999999999988       0.19614332958969816     
  0.88799999999999990       0.11870293654771530     
  0.91199999999999992        3.8099847944289736E-002
  0.93599999999999994       -4.3518364354041675E-002
  0.95999999999999996      -0.12397708664980354     
  0.98399999999999999      -0.20113261814136546     
   1.0080000000000000      -0.27292929806799116     
   1.0320000000000000      -0.33745428260330307     
   1.0560000000000000      -0.39298851180536387     
   1.0800000000000001      -0.43805250877547747     
   1.1040000000000001      -0.47144579116127289     
   1.1280000000000001      -0.49227884557608553     
   1.1520000000000001      -0.49999681384872546     
   1.1760000000000002      -0.49439426097672184     
   1.2000000000000002      -0.47562063234448126     
   1.2240000000000002      -0.44417625585384696     
   1.2480000000000002      -0.40089899649285010     
   1.2720000000000002      -0.34694191983345352     
   1.2960000000000003      -0.28374256037499457     
   1.3200000000000003      -0.21298461416604741     
   1.3440000000000003      -0.13655307679717593     
   1.3680000000000003       -5.6484022297039582E-002
   1.3920000000000003        2.5089638954079008E-002
   1.4160000000000004       0.10599497824594037     
   1.4400000000000004       0.18407692900400818     
   1.4640000000000004       0.25725568806973814     
   1.4880000000000004       0.32358210907769486     
   1.5120000000000005       0.38128961282347590     
   1.5360000000000005       0.42884123239759459     
   1.5600000000000005       0.46497054053326170     
   1.5840000000000005       0.48871536962564510     
   1.6080000000000005       0.49944342688363680     
   1.6320000000000006       0.49686912295884245     
   1.6560000000000006       0.48106116641162355     
   1.6799999999999997       0.45244072228928417     
   1.7039999999999997       0.41177018435965346     
   1.7279999999999998       0.36013286047521559     
   1.7519999999999998       0.29890411248473137     
   1.7759999999999998       0.22971471962129431     
   1.7999999999999998       0.15440744132143999     
   1.8239999999999998        7.4987936459849511E-002
   1.8479999999999999       -6.4286538003572504E-003
   1.8719999999999999       -8.7674036937689742E-002
   1.8959999999999999      -0.16658451365676280     
   1.9199999999999999      -0.24105859842380084     
   1.9440000000000000      -0.30911298161502915     
   1.9680000000000000      -0.36893534315687720     
   1.9920000000000000      -0.41893261142664151     
   2.0160000000000000      -0.45777338251000216     
   2.0400000000000009      -0.48442337044587236     
   2.0640000000000001      -0.49817294468750811     
   2.0880000000000010      -0.49865602172943940     
   2.1120000000000001      -0.48585980808151263     
   2.1360000000000010      -0.46012513538399352     
   2.1600000000000001      -0.42213737896489495     
   2.1840000000000011      -0.37290820187280926     
   2.2080000000000002      -0.31374861069988297     
   2.2319999999999993      -0.24623404083646760     
   2.2560000000000002      -0.17216240101291416     
   2.2799999999999994       -9.3506194434898771E-002
   2.3040000000000003       -1.2359991516756104E-002
   2.3279999999999994        6.9115347036157931E-002
   2.3520000000000003       0.14875021154352661     
   2.3759999999999994       0.22442401685848515     
   2.4000000000000004       0.29412166970587877     
   2.4239999999999995       0.35598722629207652     
   2.4480000000000004       0.40837331146521116     
   2.4719999999999995       0.44988498358221052     
   2.4960000000000004       0.47941687715030490     
   2.5199999999999996       0.49618263431774218     
   2.5440000000000005       0.49973584162400647     
   2.5679999999999996       0.48998191461706819     
   2.5920000000000005       0.46718061398073951     
   2.6159999999999997       0.43193912627147574     
   2.6400000000000006       0.38519589359854611     
   2.6639999999999997       0.32819562290548532     
   2.6880000000000006       0.26245614036524556     
   2.7119999999999997       0.18972797353358950     
   2.7360000000000007       0.11194773753361542     
   2.7599999999999998        3.1186566513876832E-002
   2.7840000000000007       -5.0405036459380548E-002
   2.8079999999999998      -0.13065446256051655     
   2.8320000000000007      -0.20742484864541777     
   2.8559999999999999      -0.27867197655411419     
   2.8800000000000008      -0.34249870521729675     
   2.9039999999999999      -0.39720548621267338     
   2.9280000000000008      -0.44133561771159197     
   2.9520000000000000      -0.47371403186460914     
   2.9760000000000009      -0.49347858286570112     
   3.0000000000000000      -0.50010300262391005     
   3.0240000000000009      -0.49341091284083560     
   3.0480000000000000      -0.47358052043534243     
   3.0720000000000010      -0.44113987133168719     
   3.0960000000000001      -0.39695278902898889     
   3.1200000000000010      -0.34219587240434901     
   3.1440000000000001      -0.27832716526481771     
   3.1680000000000010      -0.20704733191617905     
   3.1920000000000002      -0.13025437255440017     
   3.2160000000000011       -4.9993084296093962E-002
   3.2400000000000002        3.1599386432880475E-002
   3.2639999999999993       0.11235045036120334     
   3.2880000000000003       0.19010992543207036     
   3.3119999999999994       0.26280729008287002     
   3.3360000000000003       0.32850681526310499     
   3.3599999999999994       0.38545910719613191     
   3.3840000000000003       0.43214768846492313     
   3.4079999999999995       0.46732937711979439     
   3.4320000000000004       0.49006738864833294     
   3.4559999999999995       0.49975627941807754     
   3.4800000000000004       0.49613806744054256     
   3.5039999999999996       0.47930910122727166     
   3.5280000000000005       0.44971749385895393     
   3.5519999999999996       0.40815119060807320     
   3.5760000000000005       0.35571698785479189     
   3.5999999999999996       0.29381106197414530     
   3.6240000000000006       0.22408179293465866     
   3.6479999999999997       0.14838587251512225     
   3.6720000000000006        6.8738865854392067E-002
   3.6959999999999997       -1.2738457262179054E-002
   3.7200000000000006       -9.3876592339332751E-002
   3.7439999999999998      -0.17251506770526776     
   3.7680000000000007      -0.24655997146666822     
   3.7919999999999998      -0.31403970611810639     
   3.8160000000000007      -0.37315748623260570     
   3.8399999999999999      -0.42233918138353760     
   3.8640000000000008      -0.46027523039176116     
   3.8879999999999999      -0.48595551085549515     
   3.9120000000000008      -0.49869623550071163     
   3.9359999999999999      -0.49815815919175649     
   3.9600000000000009      -0.48435561181287234     
   3.9840000000000000      -0.45765611651044280     
   4.0080000000000009      -0.41877060346856254     
   4.0320000000000000      -0.36873447980259522     
   4.0560000000000009      -0.30888005962821080     
   4.0800000000000001      -0.24080108841498896     
   4.1040000000000010      -0.16631030623777088     
   4.1280000000000001       -8.7391179890890056E-002
   4.1520000000000010       -6.1450890948352814E-003
   4.1760000000000002        7.5264626932565554E-002
   4.2000000000000011       0.15467027267039768     
   4.2240000000000002       0.22995751545709095     
   4.2479999999999993       0.29912168373676068     
   4.2720000000000002       0.36032114534069287     
   4.2959999999999994       0.41192634450559945     
   4.3200000000000003       0.45256319192543959     
   4.3439999999999994       0.48114965249551056     
   4.3680000000000003       0.49692455653248846     
   4.3919999999999995       0.49946786731931730     
   4.4160000000000004       0.48871186531587080     
   4.4399999999999995       0.46494295123763074     
   4.4640000000000004       0.42879401999534700     
   4.4879999999999995       0.38122760855743920     
   4.5120000000000005       0.32351026645881564     
   4.5359999999999996       0.25717883139339442     
   4.5600000000000005       0.18399950787002173     
   4.5839999999999996       0.10592083854337864     
   4.6080000000000005        2.5021820450343971E-002
   4.6319999999999997       -5.6543452341977350E-002
   4.6560000000000006      -0.13660314567971077     
   4.6799999999999997      -0.21302551461786842     
   4.7040000000000006      -0.28377566525192438     
   4.7279999999999998      -0.34696973769279948     
   4.7520000000000007      -0.40092506745999473     
   4.7759999999999998      -0.44420498965030253     
   4.8000000000000007      -0.47565709288611119     
   4.8239999999999998      -0.49444390445978670     
   4.8480000000000008      -0.50006518962458735     
   4.8719999999999999      -0.49237127127220431     
   4.8960000000000008      -0.47156701533642525     
   4.9199999999999999      -0.43820637580543675     
   4.9440000000000008      -0.39317764459370630     
   4.9680000000000000      -0.33767979902527562     
   4.9920000000000009      -0.27319057672336927     
   5.0160000000000000      -0.20142712797470660     
   5.0400000000000009      -0.12430029327575044     
   5.0640000000000001       -4.3863723509683539E-002
   5.0880000000000010        3.7740802472451290E-002
   5.1120000000000001       0.11834040684174210     
   5.1360000000000010       0.19578896984616334     
   5.1600000000000001       0.26802427437496829     
   5.1840000000000011       0.33312291644931036     
   5.2080000000000002       0.38935151954221203     
   5.2320000000000011       0.43521288904888167     
   5.2560000000000002       0.46948587795656505     
   5.2799999999999994       0.49125790221469351     
   5.3040000000000003       0.49994924002185304     
   5.3279999999999994       0.49532846801521430     
   5.3520000000000003       0.47751862334491813     
   5.3759999999999994       0.44699392755712519     
   5.4000000000000004       0.40456715951920741     
   5.4239999999999995       0.35136801360780834     
   5.4480000000000004       0.28881301941498544     
   5.4719999999999995       0.21856782391841506     
   5.4960000000000004       0.14250284042552108     
   5.5199999999999996        6.2643445223706046E-002
   5.5440000000000005       -1.8883951953494092E-002
   5.5679999999999996       -9.9908527667027541E-002
   5.5920000000000005      -0.17827284711059066     
   5.6159999999999997      -0.25189030994856948     
   5.6400000000000006      -0.31880071004827459     
   5.6639999999999997      -0.37722242972232739     
   5.6880000000000006      -0.42559987870973864     
   5.7119999999999997      -0.46264491474217478     
   5.7360000000000007      -0.48737114279382415     
   5.7599999999999998      -0.49912017973190936     
   5.7840000000000007      -0.49757918502159315     
   5.8079999999999998      -0.48278919069697213     
   5.8320000000000007      -0.45514400879704914     
   5.8559999999999999      -0.41537974535860517     
   5.8800000000000008      -0.36455520017623688     
   5.9039999999999999      -0.30402367422372972     
   5.9280000000000008      -0.23539693541837253     
   5.9520000000000000      -0.16050230220887146     
   5.9760000000000009       -8.1333987718659503E-002
