  -6.0000000000000000        4.2317610761781973E-266
  -5.9760000000000000        1.9854023625716382E-262
  -5.9520000000000000       -1.4575769306642565E-258
  -5.9279999999999999       -3.7096994244246702E-254
  -5.9039999999999999        4.4349970942593744E-250
  -5.8799999999999999       -2.4813715389850838E-249
  -5.8559999999999999       -7.3132461446658217E-243
  -5.8319999999999999        2.3313223100314524E-238
  -5.8079999999999998        2.5377171653141486E-235
  -5.7839999999999998        1.6873399158985328E-231
  -5.7599999999999998        3.8509818202076092E-229
  -5.7359999999999998       -1.0873799820753715E-223
  -5.7119999999999997       -6.1323994767497238E-220
  -5.6879999999999997        2.1207360782563033E-216
  -5.6639999999999997       -9.9005441934362647E-213
  -5.6399999999999997        1.8530514573427771E-209
  -5.6159999999999997       -9.9948502865688420E-206
  -5.5919999999999996        5.7864572369933086E-202
  -5.5679999999999996        1.8187885564075531E-198
  -5.5439999999999996       -4.7907143325958595E-195
  -5.5199999999999996        1.3369014544714215E-192
  -5.4960000000000004       -1.3449207656670863E-188
  -5.4719999999999995        1.9044160586458423E-184
  -5.4480000000000004       -2.7813034274680419E-181
  -5.4239999999999995        2.5218903803112813E-178
  -5.4000000000000004        1.7709873813652399E-175
  -5.3760000000000003        4.7558962053400593E-172
  -5.3520000000000003       -9.2062134731782181E-169
  -5.3280000000000003        1.5443495160211550E-165
  -5.3040000000000003        6.8871464388670547E-164
  -5.2800000000000002        6.3460802116725702E-159
  -5.2560000000000002        3.4432300536001481E-156
  -5.2320000000000002        1.5384658891637575E-153
  -5.2080000000000002       -1.9071247233022240E-151
  -5.1840000000000002       -7.0284134909150320E-147
  -5.1600000000000001        8.4740768715270970E-144
  -5.1360000000000001       -1.4448879327497448E-141
  -5.1120000000000001        5.9572557275481994E-138
  -5.0880000000000001        2.0465239560837782E-135
  -5.0640000000000001        1.4811654059014463E-132
  -5.0400000000000000        2.2325497106311492E-129
  -5.0160000000000000        3.0979494192099036E-127
  -4.9920000000000000        3.0876781276365866E-124
  -4.9680000000000000        2.7624000545378330E-121
  -4.9440000000000000        5.2309029708132791E-120
  -4.9199999999999999        1.8787012073590545E-116
  -4.8959999999999999        3.3209625594107508E-113
  -4.8719999999999999       -2.4307012082946329E-111
  -4.8479999999999999        1.9899160731190734E-108
  -4.8239999999999998       -5.5247780851866471E-107
  -4.7999999999999998        2.8151376059398785E-103
  -4.7759999999999998        1.3206112337710708E-100
  -4.7519999999999998       -5.1427379278101390E-099
  -4.7279999999999998        4.9467252802129558E-096
  -4.7039999999999997        7.6507711195995579E-094
  -4.6799999999999997        2.6617910364034159E-091
  -4.6559999999999997        5.9017411303880036E-089
  -4.6319999999999997        2.9637108935823771E-087
  -4.6079999999999997        5.5938947267512683E-085
  -4.5839999999999996       -1.2817170031109317E-082
  -4.5600000000000005       -3.3265266226266296E-080
  -4.5359999999999996       -4.3470795968825709E-078
  -4.5120000000000005       -1.0336706006789563E-075
  -4.4879999999999995       -2.0658439451800405E-074
  -4.4640000000000004        1.4796256289315177E-071
  -4.4399999999999995        1.1031126265300983E-069
  -4.4160000000000004        9.5811462707611063E-068
  -4.3919999999999995        4.0812810903154594E-065
  -4.3680000000000003        1.0082320884486564E-063
  -4.3439999999999994        1.1877767026567799E-061
  -4.3200000000000003        1.3388816100996584E-059
  -4.2960000000000003       -2.6170430516285971E-058
  -4.2720000000000002       -4.7926216417615106E-056
  -4.2480000000000002        1.8780904022998584E-054
  -4.2240000000000002        1.6749137462504425E-052
  -4.2000000000000002       -5.3225465791814573E-051
  -4.1760000000000002        2.3700281215068508E-049
  -4.1520000000000001        1.9066199789431298E-047
  -4.1280000000000001        2.4658292274191646E-047
  -4.1040000000000001        2.1632439508645216E-044
  -4.0800000000000001        1.9097700435491948E-043
  -4.0560000000000000       -2.3957417014348706E-041
  -4.0320000000000000       -4.9297898716365138E-040
  -4.0080000000000000        6.3361908276337515E-039
  -3.9840000000000000       -3.6092240446036344E-037
  -3.9600000000000000        6.6023390247612871E-036
  -3.9359999999999999        1.8348112975124515E-034
  -3.9119999999999999        7.5538397828866410E-033
  -3.8879999999999999       -6.5538698650933229E-032
  -3.8639999999999999        1.9862553778650969E-030
  -3.8399999999999999        5.5155662493036890E-029
  -3.8159999999999998       -4.4009760491730156E-028
  -3.7919999999999998       -2.2199663762830666E-027
  -3.7679999999999998       -3.7751599625696964E-026
  -3.7439999999999998       -9.3100116390637366E-026
  -3.7199999999999998       -2.7535600965676406E-024
  -3.6959999999999997        3.2110521062567221E-023
  -3.6720000000000002        1.3969384302607561E-022
  -3.6480000000000001        3.5133539098718326E-021
  -3.6240000000000001        1.1941305204628786E-020
  -3.6000000000000001        1.6865308701963840E-019
  -3.5760000000000001        6.8997221728911244E-019
  -3.5520000000000000        3.3279397946028936E-018
  -3.5280000000000000       -4.8619987340197675E-018
  -3.5040000000000000        9.3008923823536626E-020
  -3.4800000000000000       -6.6490119844697989E-017
  -3.4560000000000000       -4.5457141735408468E-017
  -3.4319999999999999        9.7496797600012517E-017
  -3.4079999999999999       -2.6593068445701012E-016
  -3.3839999999999999       -9.7147651074649584E-017
  -3.3599999999999999        1.0283193918946600E-017
  -3.3359999999999999        1.6181139242429339E-016
  -3.3119999999999998       -8.1869836943529251E-016
  -3.2879999999999998       -3.4223267769218649E-016
  -3.2639999999999998       -1.2053289207603329E-015
  -3.2399999999999998        2.5315073262278418E-016
  -3.2159999999999997        3.2194352438299128E-016
  -3.1919999999999997       -2.7759836729033557E-016
  -3.1680000000000001       -5.8366239863288794E-016
  -3.1440000000000001        1.4489371947347607E-015
  -3.1200000000000001        3.9394347651908945E-017
  -3.0960000000000001       -2.5850247371832621E-016
  -3.0720000000000001        1.2264781595985160E-015
  -3.0480000000000000        4.3406794274442921E-015
  -3.0240000000000000        1.4453427172349437E-014
  -3.0000000000000000        5.0830254500925174E-014
  -2.9760000000000000        1.6658420913922199E-013
  -2.9520000000000000        5.4291666644054189E-013
  -2.9279999999999999        1.7024364492549134E-012
  -2.9039999999999999        5.1524888503768003E-012
  -2.8799999999999999        1.5066826786594433E-011
  -2.8559999999999999        4.2590767795878614E-011
  -2.8319999999999999        1.1650352448925924E-010
  -2.8079999999999998        3.0866489768922273E-010
  -2.7839999999999998        7.9266659825397792E-010
  -2.7599999999999998        1.9747249333184673E-009
  -2.7359999999999998        4.7761411327259033E-009
  -2.7119999999999997        1.1223712283226977E-008
  -2.6879999999999997        2.5645620231585367E-008
  -2.6640000000000001        5.7020215477471754E-008
  -2.6400000000000001        1.2345193369229261E-007
  -2.6160000000000001        2.6045196344061490E-007
  -2.5920000000000001        5.3581872490437779E-007
  -2.5680000000000001        1.0756251657007076E-006
  -2.5440000000000000        2.1083441574127771E-006
  -2.5200000000000000        4.0377225475722293E-006
  -2.4960000000000000        7.5598816138518622E-006
  -2.4720000000000000        1.3846447189758030E-005
  -2.4480000000000000        2.4823324430507049E-005
  -2.4239999999999999        4.3583814549797342E-005
  -2.3999999999999999        7.4984547435419464E-005
  -2.3759999999999999        1.2648212207913432E-004
  -2.3519999999999999        2.0927578610096568E-004
  -2.3279999999999998        3.3982472449401618E-004
  -2.3039999999999998        5.4180479695980393E-004
  -2.2799999999999998        8.4855572552227569E-004
  -2.2559999999999998        1.3060426030081700E-003
  -2.2319999999999998        1.9763124013057391E-003
  -2.2079999999999997        2.9413651491435660E-003
  -2.1839999999999997        4.3072805373400086E-003
  -2.1600000000000001        6.2083461339963886E-003
  -2.1360000000000001        8.8108282469794418E-003
  -2.1120000000000001        1.2315919002011849E-002
  -2.0880000000000001        1.6961294751126069E-002
  -2.0640000000000001        2.3020645423155829E-002
  -2.0400000000000000        3.0800497420035208E-002
  -2.0160000000000000        4.0633669846333001E-002
  -1.9920000000000000        5.2868789244868195E-002
  -1.9680000000000000        6.7855451855338242E-002
  -1.9440000000000000        8.5924869154812913E-002
  -1.9199999999999999       0.10736615888717117     
  -1.8959999999999999       0.13239883784021456     
  -1.8719999999999999       0.16114251276088137     
  -1.8479999999999999       0.19358522151817562     
  -1.8239999999999998       0.22955230997432816     
  -1.7999999999999998       0.26867809813011839     
  -1.7759999999999998       0.31038284760622836     
  -1.7519999999999998       0.35385764963317756     
  -1.7279999999999998       0.39805977361101652     
  -1.7039999999999997       0.44172072728669542     
  -1.6799999999999997       0.48336877179198029     
  -1.6559999999999997       0.52136691672805868     
  -1.6319999999999997       0.55396651943700559     
  -1.6079999999999997       0.57937557426449093     
  -1.5839999999999996       0.59583966416486223     
  -1.5599999999999996       0.60173243349014971     
  -1.5359999999999996       0.59565141020004453     
  -1.5119999999999996       0.57651414284923308     
  -1.4879999999999995       0.54364900259551696     
  -1.4639999999999995       0.49687470171097281     
  -1.4399999999999995       0.43656264860957639     
  -1.4159999999999995       0.36367672338170570     
  -1.3919999999999995       0.27978591897042798     
  -1.3680000000000003       0.18704652493153606     
  -1.3440000000000003        8.8152078723220756E-002
  -1.3200000000000003       -1.3748906382622295E-002
  -1.2960000000000003      -0.11516550866529908     
  -1.2720000000000002      -0.21240339503592273     
  -1.2480000000000002      -0.30172455051840541     
  -1.2240000000000002      -0.37952044044327310     
  -1.2000000000000002      -0.44249004744085563     
  -1.1760000000000002      -0.48781340900751230     
  -1.1520000000000001      -0.51331098064052194     
  -1.1280000000000001      -0.51757940806741631     
  -1.1040000000000001      -0.50009512001035217     
  -1.0800000000000001      -0.46127852489903881     
  -1.0560000000000000      -0.40251345082180823     
  -1.0320000000000000      -0.32611871564559003     
  -1.0080000000000000      -0.23527123447199796     
 -0.98399999999999999      -0.13388272498589657     
 -0.95999999999999996       -2.6434706225021282E-002
 -0.93599999999999994        8.2221051811372875E-002
 -0.91199999999999992       0.18708732990331975     
 -0.88799999999999990       0.28326052905779436     
 -0.86399999999999988       0.36617190220458085     
 -0.83999999999999986       0.43181836377932792     
 -0.81599999999999984       0.47697050001300745     
 -0.79199999999999982       0.49934630034898292     
 -0.76799999999999979       0.49774068311661473     
 -0.74399999999999977       0.47210302293428907     
 -0.71999999999999975       0.42355749542172871     
 -0.69599999999999973       0.35436400017730701     
 -0.67199999999999971       0.26782054798796345     
 -0.64799999999999969       0.16811113287012613     
 -0.62399999999999967        6.0106080908229949E-002
 -0.59999999999999964       -5.0875490037669897E-002
 -0.57599999999999962      -0.15932930255309752     
 -0.55199999999999960      -0.25984228733999920     
 -0.52799999999999958      -0.34736746729521328     
 -0.50399999999999956      -0.41748302852211810     
 -0.47999999999999954      -0.46662190511247276     
 -0.45599999999999952      -0.49225960030276106     
 -0.43199999999999950      -0.49305003386562968     
 -0.40799999999999947      -0.46890183917880734     
 -0.38399999999999945      -0.42099059650715331     
 -0.36000000000000032      -0.35170582048701804     
 -0.33600000000000030      -0.26453494279777390     
 -0.31200000000000028      -0.16388986261875174     
 -0.28800000000000026       -5.4884698592334961E-002
 -0.26400000000000023        5.6923998907007875E-002
 -0.24000000000000021       0.16582127032733246     
 -0.21600000000000019       0.26622734494058592     
 -0.19200000000000017       0.35298556792689578     
 -0.16800000000000015       0.42162962584680269     
 -0.14400000000000013       0.46861605043075705     
 -0.12000000000000011       0.49150973595304143     
  -9.6000000000000085E-002  0.48911261531686251     
  -7.2000000000000064E-002  0.46152857896750066     
  -4.8000000000000043E-002  0.41016103492857670     
  -2.4000000000000021E-002  0.33764302332089752     
   0.0000000000000000       0.24770332929934805     
   2.4000000000000021E-002  0.14497539786816815     
   4.8000000000000043E-002   3.4758864703797784E-002
   7.2000000000000064E-002  -7.7253980643869971E-002
   9.6000000000000085E-002 -0.18527262182986967     
  0.12000000000000011      -0.28370833508330945     
  0.14400000000000013      -0.36746418256541502     
  0.16800000000000015      -0.43219985923207405     
  0.19200000000000017      -0.47455756332299120     
  0.21600000000000019      -0.49233707688116790     
  0.24000000000000021      -0.48461087934995872     
  0.26400000000000023      -0.45177323637146566     
  0.28800000000000026      -0.39552064416875982     
  0.31200000000000028      -0.31876458737305025     
  0.33600000000000030      -0.22548109765229929     
  0.36000000000000032      -0.12050489739550974     
  0.38400000000000034       -9.2788046522607765E-003
  0.40800000000000036       0.10242858856441389     
  0.43200000000000038       0.20882229457297821     
  0.45600000000000041       0.30438180138024118     
  0.48000000000000043       0.38414779100288621     
  0.50400000000000045       0.44397979119565245     
  0.52800000000000047       0.48077135632746404     
  0.55200000000000049       0.49261158040296976     
  0.57600000000000051       0.47888453532066422     
  0.60000000000000053       0.44030145498344597     
  0.62400000000000055       0.37886398273404021     
  0.64800000000000058       0.29776038374961533     
  0.67199999999999971       0.20120010902007804     
  0.69599999999999973        9.4195302124406993E-002
  0.71999999999999975       -1.7699402356341556E-002
  0.74399999999999977      -0.12867527254812111     
  0.76799999999999979      -0.23297108421112347     
  0.79199999999999982      -0.32517227001415494     
  0.81599999999999984      -0.40049207447946017     
  0.83999999999999986      -0.45502011143444204     
  0.86399999999999988      -0.48592541486131646     
  0.88799999999999990      -0.49160343847271043     
  0.91199999999999992      -0.47175937121131062     
  0.93599999999999994      -0.42742344383341996     
  0.95999999999999996      -0.36089743392102897     
  0.98399999999999999      -0.27563514960798630     
   1.0080000000000000      -0.17606310046399634     
   1.0320000000000000       -6.7350669375715017E-002
   1.0560000000000000        4.4858279289121311E-002
   1.0800000000000001       0.15473841848075220     
   1.1040000000000001       0.25658538980840800     
   1.1280000000000001       0.34511194536532269     
   1.1520000000000001       0.41572242558522521     
   1.1760000000000002       0.46475132441615863     
   1.2000000000000002       0.48965355843578162     
   1.2240000000000002       0.48913656455712479     
   1.2480000000000002       0.46322737142811810     
   1.2720000000000002       0.41327116567509969     
   1.2960000000000003       0.34186143050643791     
   1.3200000000000003       0.25270528626521438     
   1.3440000000000003       0.15043102593033442     
   1.3680000000000003        4.0347838754841173E-002
   1.3920000000000003       -7.1829803492008085E-002
   1.4160000000000004      -0.18027878959116173     
   1.4400000000000004      -0.27936964231738287     
   1.4640000000000004      -0.36395873182652716     
   1.4880000000000004      -0.42965526146698169     
   1.5120000000000005      -0.47304916863242175     
   1.5360000000000005      -0.49188811258577203     
   1.5600000000000005      -0.48519436430691065     
   1.5840000000000005      -0.45331553313415679     
   1.6080000000000005      -0.39790649934166283     
   1.6320000000000006      -0.32184349255955003     
   1.6560000000000006      -0.22907477777185109     
   1.6799999999999997      -0.12441570073768285     
   1.7039999999999997       -1.3298732328445351E-002
   1.7279999999999998        9.8508513392923491E-002
   1.7519999999999998       0.20520265068588084     
   1.7759999999999998       0.30124574445221591     
   1.7999999999999998       0.38165274896034784     
   1.8239999999999998       0.44225024439896815     
   1.8479999999999999       0.47989304277417633     
   1.8719999999999999       0.49262742165612383     
   1.8959999999999999       0.47979251465069700     
   1.9199999999999999       0.44205459742167702     
   1.9440000000000000       0.38137249101285653     
   1.9680000000000000       0.30089587934961554     
   1.9920000000000000       0.20480181958687332     
   2.0160000000000000        9.8077931716291630E-002
   2.0400000000000009       -1.3736478923143766E-002
   2.0640000000000001      -0.12483792947635035     
   2.0880000000000010      -0.22945997528974924     
   2.1120000000000001      -0.32217249986060414     
   2.1360000000000010      -0.39816354556143585     
   2.1600000000000001      -0.45348905806216699     
   2.1840000000000011      -0.48527758287881445     
   2.2080000000000002      -0.49187929065913871     
   2.2319999999999993      -0.47295159731268660     
   2.2560000000000002      -0.42947693593393732     
   2.2799999999999994      -0.36371175885583956     
   2.3040000000000003      -0.27906941734688706     
   2.3279999999999994      -0.17994299819043544     
   2.3520000000000003       -7.1477312559454068E-002
   2.3759999999999994        4.0698128499657059E-002
   2.4000000000000004       0.15076129298437210     
   2.4239999999999995       0.25299979688451590     
   2.4480000000000004       0.34210738044796468     
   2.4719999999999995       0.41345930463494579     
   2.4960000000000004       0.46335237479837249     
   2.5199999999999996       0.48919713458046549     
   2.5440000000000005       0.48965225546476254     
   2.5679999999999996       0.46469414752487770     
   2.5920000000000005       0.41561817896054531     
   2.6159999999999997       0.34497144151741482     
   2.6400000000000006       0.25642055163239402     
   2.6639999999999997       0.15456134874691679     
   2.6880000000000006        4.4680367704803672E-002
   2.7119999999999997       -6.7519534998554009E-002
   2.7360000000000007      -0.17621516101540260     
   2.7599999999999998      -0.27576519462146837     
   2.7840000000000007      -0.36100298647602813     
   2.8079999999999998      -0.42750470131571489     
   2.8320000000000007      -0.47181891289914674     
   2.8559999999999999      -0.49164573044687104     
   2.8800000000000008      -0.48595616015859255     
   2.9039999999999999      -0.45504550719304965     
   2.9280000000000008      -0.40051804678241504     
   2.9520000000000000      -0.32520376025571368     
   2.9760000000000009      -0.23301145753468358     
   3.0000000000000000      -0.12872590915559212     
   3.0240000000000009       -1.7759516718198049E-002
   3.0480000000000000        9.4128589940933358E-002
   3.0720000000000010       0.20113145005816446     
   3.0960000000000001       0.29769565108080209     
   3.1200000000000010       0.37880954821441237     
   3.1440000000000001       0.44026336597384935     
   3.1680000000000010       0.47886768267412017     
   3.1920000000000002       0.49261895872574191     
   3.2160000000000011       0.48080351801496868     
   3.2400000000000002       0.44403458591011058     
   3.2639999999999993       0.38422046176073937     
   3.2880000000000003       0.30446547783192363     
   3.3119999999999994       0.20890888494902726     
   3.3360000000000003       0.10251002667897362     
   3.3599999999999994       -9.2090485540643491E-003
   3.3840000000000003      -0.12045017909829177     
   3.4079999999999995      -0.22544001149685211     
   3.4320000000000004      -0.31872963406725524     
   3.4559999999999995      -0.39547737186208365     
   3.4800000000000004      -0.45170006616830854     
   3.5039999999999996      -0.48447979735060520     
   3.5280000000000005      -0.49211532231706034     
   3.5519999999999996      -0.47421036716774906     
   3.5760000000000005      -0.43169419276340509     
   3.5999999999999996      -0.36677336593998994     
   3.6240000000000006      -0.28281723946997422     
   3.6479999999999997      -0.18418308433337094     
   3.6720000000000006       -7.5989949853976224E-002
   3.6959999999999997        3.6147011768281022E-002
   3.7200000000000006       0.14640796814164769     
   3.7439999999999998       0.24907045194749658     
   3.7680000000000007       0.33880635285873117     
   3.7919999999999998       0.41095844246120339     
   3.8160000000000007       0.46178208076004801     
   3.8399999999999999       0.48863955991091823     
   3.8640000000000008       0.49013699891478746     
   3.8879999999999999       0.46619668458033331     
   3.9120000000000008       0.41806110434916749     
   3.9359999999999999       0.34822846171843908     
   3.9600000000000009       0.26032302099326454     
   3.9840000000000000       0.15890701040444538     
   4.0080000000000009        4.9243845696692295E-002
   4.0320000000000000       -6.2975037284436999E-002
   4.0560000000000009      -0.17192556382140112     
   4.0800000000000001      -0.27195328531148083     
   4.1040000000000010      -0.35786684069913793     
   4.1280000000000001      -0.42520738394531021     
   4.1520000000000010      -0.47047999447418687     
   4.1760000000000002      -0.49133506059544191     
   4.2000000000000011      -0.48669022226566427     
   4.2240000000000002      -0.45678654447714290     
   4.2479999999999993      -0.40317600594022507     
   4.2720000000000002      -0.32864095240567831     
   4.2959999999999994      -0.23704969495189124     
   4.3200000000000003      -0.13315574758366935     
   4.3439999999999994       -2.2351123559945941E-002
   4.3680000000000003        8.9613505821481157E-002
   4.3919999999999995       0.19692726644670286     
   4.4160000000000004       0.29402066103266650     
   4.4399999999999995       0.37585462146387061     
   4.4640000000000004       0.43818203224482427     
   4.4879999999999995       0.47776815222362323     
   4.5120000000000005       0.49255849489009684     
   4.5359999999999996       0.48178545441012927     
   4.5600000000000005       0.44600814360418589     
   4.5839999999999996       0.38708337632298911     
   4.6080000000000005       0.30806930022141454     
   4.6319999999999997       0.21306668131886847     
   4.6560000000000006       0.10700607755333096     
   4.6799999999999997       -4.6080531496213804E-003
   4.7040000000000006      -0.11598302971082651     
   4.7279999999999998      -0.22133858324335107     
   4.7520000000000007      -0.31520684818674388     
   4.7759999999999998      -0.39271613994255328     
   4.8000000000000007      -0.44984379119271423     
   4.8239999999999998      -0.48362492491240466     
   4.8480000000000008      -0.49230632893858606     
   4.8719999999999999      -0.47543744613947370     
   4.8960000000000008      -0.43389375787780110     
   4.9199999999999999      -0.36983134719194594     
   4.9440000000000008      -0.28657499983321610     
   4.9680000000000000      -0.18844565062611271     
   4.9920000000000009       -8.0536130543997594E-002
   5.0160000000000000        3.1553146959294183E-002
   5.0400000000000009       0.14200484270386968     
   5.0640000000000001       0.24508660678352981     
   5.0880000000000010       0.33544858267800826     
   5.1120000000000001       0.40840106026727446     
   5.1360000000000010       0.46015786779370682     
   5.1600000000000001       0.48803287093819891     
   5.1840000000000011       0.49057938087798986     
   5.2080000000000002       0.46766523616964584     
   5.2320000000000011       0.42047966177473728     
   5.2560000000000002       0.35147154925396984     
   5.2799999999999994       0.26422236133831317     
   5.3040000000000003       0.16326025702456681     
   5.3279999999999994        5.3825083946941084E-002
   5.3520000000000003       -5.8403565277778201E-002
   5.3759999999999994      -0.16760111908633174     
   5.4000000000000004      -0.26810031727973588     
   5.4239999999999995      -0.35468533699931737     
   5.4480000000000004      -0.42286248948125943     
   5.4719999999999995      -0.46909343866010544     
   5.4960000000000004      -0.49097883777610529     
   5.5199999999999996      -0.48738285340494003     
   5.5440000000000005      -0.45849211422086622     
   5.5679999999999996      -0.40580602510471719     
   5.5920000000000005      -0.33205894928817559     
   5.6159999999999997      -0.24107829721625054     
   5.6400000000000006      -0.13758588719624953     
   5.6639999999999997       -2.6952887046991513E-002
   5.6880000000000006        8.5078944931942707E-002
   5.7119999999999997       0.19269525231502627     
   5.7360000000000007       0.29031084068109464     
   5.7599999999999998       0.37285954442664238     
   5.7840000000000007       0.43605715642289294     
   5.8079999999999998       0.47662377469312267     
   5.8320000000000007       0.49245402650878339     
   5.8559999999999999       0.48272633542062743     
   5.8800000000000008       0.44794556036043265     
   5.9039999999999999       0.38991679388162664     
   5.9280000000000008       0.31165167938867916     
   5.9520000000000000       0.21721210941176902     
   5.9760000000000009       0.11149941685321386     
