  -6.0000000000000000        2.9145446413127449E-267
  -5.9760000000000000       -3.0968916599153282E-262
  -5.9520000000000000       -3.4248273764016227E-258
  -5.9279999999999999       -4.6668257342344116E-254
  -5.9039999999999999       -2.9496556561557912E-250
  -5.8799999999999999        1.3424479933071884E-246
  -5.8559999999999999       -3.5698038821936366E-243
  -5.8319999999999999        8.1433892891308914E-239
  -5.8079999999999998       -8.4221942121617943E-236
  -5.7839999999999998       -2.1478406808227513E-231
  -5.7599999999999998       -9.4530464468219776E-228
  -5.7359999999999998       -1.0655774390341841E-223
  -5.7119999999999997       -1.7025189325559439E-220
  -5.6879999999999997        4.0037903515692022E-217
  -5.6639999999999997       -7.1303300401228021E-213
  -5.6399999999999997       -4.4975398432850020E-210
  -5.6159999999999997       -1.5486859480324750E-207
  -5.5919999999999996        1.7200062692389417E-202
  -5.5679999999999996       -9.7455259553876757E-200
  -5.5439999999999996       -4.7192846347803882E-195
  -5.5199999999999996       -9.9765559929160154E-192
  -5.4960000000000004        6.4182033270414812E-189
  -5.4719999999999995        1.5063990258014805E-185
  -5.4480000000000004       -1.2189847444240146E-181
  -5.4239999999999995        3.0789264804839152E-181
  -5.4000000000000004        5.1498032322021319E-176
  -5.3760000000000003       -2.4577866557914276E-172
  -5.3520000000000003       -5.7181385825569660E-169
  -5.3280000000000003       -5.5340620787708719E-166
  -5.3040000000000003       -1.7880743944297509E-162
  -5.2800000000000002        2.8566063558130848E-159
  -5.2560000000000002       -1.1180634690675529E-156
  -5.2320000000000002       -5.2126746216307365E-154
  -5.2080000000000002       -1.6954994788316837E-151
  -5.1840000000000002       -4.1270217809314311E-147
  -5.1600000000000001        4.0543382682565093E-144
  -5.1360000000000001       -3.6630633157520208E-142
  -5.1120000000000001       -5.6969132314595253E-139
  -5.0880000000000001       -2.6055443830013883E-136
  -5.0640000000000001       -4.4717727508944246E-133
  -5.0400000000000000       -9.4224826567794670E-130
  -5.0160000000000000       -1.7917814908869522E-127
  -4.9920000000000000        2.9211714062042109E-124
  -4.9680000000000000       -4.9386537310307383E-122
  -4.9440000000000000       -1.1983982781481870E-119
  -4.9199999999999999        1.2468548340976595E-116
  -4.8959999999999999       -1.0988353400034931E-113
  -4.8719999999999999       -1.9827877945928167E-111
  -4.8479999999999999       -1.3835994091602958E-108
  -4.8239999999999998       -1.0298090607665643E-105
  -4.7999999999999998        9.0032461483863128E-104
  -4.7759999999999998        2.2950411259630390E-101
  -4.7519999999999998       -1.0900972819501633E-098
  -4.7279999999999998        2.6099454510615011E-096
  -4.7039999999999997        1.7392605921909288E-094
  -4.6799999999999997       -1.1014074190395452E-091
  -4.6559999999999997       -1.2118323586700917E-089
  -4.6319999999999997        1.3955137287460085E-087
  -4.6079999999999997       -5.1722456539352756E-085
  -4.5839999999999996       -3.0378091073619987E-082
  -4.5600000000000005       -2.8129240040667967E-080
  -4.5359999999999996       -7.4477834796667971E-078
  -4.5120000000000005       -1.0405142809285814E-075
  -4.4879999999999995       -2.1359956548911150E-074
  -4.4640000000000004        7.4005553478870235E-072
  -4.4399999999999995       -1.1882944265486864E-069
  -4.4160000000000004        1.8673693561674754E-068
  -4.3919999999999995        9.4188901637508006E-066
  -4.3680000000000003       -6.4422167101158554E-064
  -4.3439999999999994       -2.3782031374201288E-062
  -4.3200000000000003       -1.2825716509897284E-060
  -4.2960000000000003       -4.7596672954376080E-058
  -4.2720000000000002       -1.8450203025160047E-056
  -4.2480000000000002       -1.1072323498978798E-054
  -4.2240000000000002        1.5824074314813845E-053
  -4.2000000000000002       -4.3031131785563076E-051
  -4.1760000000000002        1.5223476517019930E-050
  -4.1520000000000001       -2.4729441302355600E-049
  -4.1280000000000001       -3.1534942818780763E-046
  -4.1040000000000001       -7.3349706676361008E-045
  -4.0800000000000001       -2.3857625370312931E-043
  -4.0560000000000000       -1.5473018992411265E-041
  -4.0320000000000000        1.1577665635919379E-040
  -4.0080000000000000       -2.6886704271077929E-040
  -3.9840000000000000       -6.9255640331719778E-038
  -3.9600000000000000       -5.1691758382220223E-036
  -3.9359999999999999       -8.0516133401216626E-035
  -3.9119999999999999        1.6606909268744278E-034
  -3.8879999999999999       -2.9463315610791839E-032
  -3.8639999999999999        6.5568510509800530E-031
  -3.8399999999999999       -6.7465495497061702E-030
  -3.8159999999999998       -3.3622995439001601E-028
  -3.7919999999999998       -4.2779129865718106E-027
  -3.7679999999999998       -2.5935198987056884E-026
  -3.7439999999999998       -6.0430189085798249E-025
  -3.7199999999999998        4.1173019640240270E-025
  -3.6959999999999997        2.0273193759519605E-024
  -3.6720000000000002       -3.6680119195734099E-022
  -3.6480000000000001       -2.2752678779830420E-021
  -3.6240000000000001       -2.1041085782301834E-020
  -3.6000000000000001       -1.3236852942957979E-019
  -3.5760000000000001       -6.1919478063000169E-019
  -3.5520000000000000        7.2228235675683059E-020
  -3.5280000000000000       -5.7979786811147146E-018
  -3.5040000000000000       -3.2762303493793570E-017
  -3.4800000000000000       -1.0980859980519274E-016
  -3.4560000000000000       -5.0153999102801510E-016
  -3.4319999999999999       -4.5797943165548644E-016
  -3.4079999999999999       -3.8036397937508944E-016
  -3.3839999999999999       -1.1967228398209399E-015
  -3.3599999999999999       -7.4597250543641256E-016
  -3.3359999999999999       -4.6752241482365913E-016
  -3.3119999999999998       -6.6860196487822512E-016
  -3.2879999999999998       -9.7573149426361186E-016
  -3.2639999999999998       -4.7276504809788329E-016
  -3.2399999999999998        1.9944670460904878E-015
  -3.2159999999999997        4.0971709488927254E-016
  -3.1919999999999997       -8.3525717282518336E-016
  -3.1680000000000001       -1.3249894790811386E-017
  -3.1440000000000001       -6.5523579996077058E-016
  -3.1200000000000001        1.0041736584111446E-015
  -3.0960000000000001        1.7523674620015862E-015
  -3.0720000000000001        8.3089644559891671E-016
  -3.0480000000000000        8.4968957404426943E-017
  -3.0240000000000000        2.3148566901486751E-015
  -3.0000000000000000        9.5547490832735537E-016
  -2.9760000000000000        4.8736019610452295E-015
  -2.9520000000000000        1.3145890252890187E-014
  -2.9279999999999999        3.9656487708915513E-014
  -2.9039999999999999        1.2236680288830645E-013
  -2.8799999999999999        3.6006038462277740E-013
  -2.8559999999999999        1.0305145111120970E-012
  -2.8319999999999999        2.8532418850670626E-012
  -2.8079999999999998        7.6652703818913050E-012
  -2.7839999999999998        1.9958714534221689E-011
  -2.7599999999999998        5.0452884324502155E-011
  -2.7359999999999998        1.2388501113747201E-010
  -2.7119999999999997        2.9574285485825465E-010
  -2.6879999999999997        6.8691629104465018E-010
  -2.6640000000000001        1.5535150639560994E-009
  -2.6400000000000001        3.4235395432398476E-009
  -2.6160000000000001        7.3569645216634992E-009
  -2.5920000000000001        1.5427517941046407E-008
  -2.5680000000000001        3.1591498249938506E-008
  -2.5440000000000000        6.3214523620932329E-008
  -2.5200000000000000        1.2368714794470531E-007
  -2.4960000000000000        2.3679610865108558E-007
  -2.4720000000000000        4.4385469455733897E-007
  -2.4480000000000000        8.1506088066110615E-007
  -2.4239999999999999        1.4671743237162570E-006
  -2.3999999999999999        2.5904073685348283E-006
  -2.3759999999999999        4.4884270927196584E-006
  -2.3519999999999999        7.6365642763387957E-006
  -2.3279999999999998        1.2764696893488195E-005
  -2.3039999999999998        2.0972762121140825E-005
  -2.2799999999999998        3.3888354395180728E-005
  -2.2559999999999998        5.3877243440778501E-005
  -2.2319999999999998        8.4318703699302118E-005
  -2.2079999999999997        1.2995804989807889E-004
  -2.1839999999999997        1.9734845354909606E-004
  -2.1600000000000001        2.9539268767157285E-004
  -2.1360000000000001        4.3599263664239381E-004
  -2.1120000000000001        6.3480998047393735E-004
  -2.0880000000000001        9.1213525857069568E-004
  -2.0640000000000001        1.2938544894330029E-003
  -2.0400000000000000        1.8124927662144213E-003
  -2.0160000000000000        2.5083030296827466E-003
  -1.9920000000000000        3.4303559907717133E-003
  -1.9680000000000000        4.6375745696221283E-003
  -1.9440000000000000        6.1996440392267059E-003
  -1.9199999999999999        8.1977182442912674E-003
  -1.8959999999999999        1.0724833825753613E-002
  -1.8719999999999999        1.3885939348494929E-002
  -1.8479999999999999        1.7797445573677680E-002
  -1.8239999999999998        2.2586207664495435E-002
  -1.7999999999999998        2.8387860472691148E-002
  -1.7759999999999998        3.5344444538802124E-002
  -1.7519999999999998        4.3601283024324040E-002
  -1.7279999999999998        5.3303098069867515E-002
  -1.7039999999999997        6.4589388241692122E-002
  -1.6799999999999997        7.7589125615413410E-002
  -1.6559999999999997        9.2414870142814784E-002
  -1.6319999999999997       0.10915643848017516     
  -1.6079999999999997       0.12787430246717260     
  -1.5839999999999996       0.14859292689699213     
  -1.5599999999999996       0.17129428510325967     
  -1.5359999999999996       0.19591181234242305     
  -1.5119999999999996       0.22232506935456225     
  -1.4879999999999995       0.25035539056951056     
  -1.4639999999999995       0.27976278233954399     
  -1.4399999999999995       0.31024431595469165     
  -1.4159999999999995       0.34143422817449198     
  -1.3919999999999995       0.37290589925007295     
  -1.3680000000000003       0.40417582607041774     
  -1.3440000000000003       0.43470964775865589     
  -1.3200000000000003       0.46393021476741908     
  -1.2960000000000003       0.49122762258256586     
  -1.2720000000000002       0.51597106005566085     
  -1.2480000000000002       0.53752225276652621     
  -1.2240000000000002       0.55525021628454752     
  -1.2000000000000002       0.56854697525945685     
  -1.1760000000000002       0.57684385423148821     
  -1.1520000000000001       0.57962790691369204     
  -1.1280000000000001       0.57645802410435587     
  -1.1040000000000001       0.56698024754387422     
  -1.0800000000000001       0.55094181868032277     
  -1.0560000000000000       0.52820350770210089     
  -1.0320000000000000       0.49874979909083766     
  -1.0080000000000000       0.46269655462038506     
 -0.98399999999999999       0.42029583200431381     
 -0.95999999999999996       0.37193760569702683     
 -0.93599999999999994       0.31814821375592522     
 -0.91199999999999992       0.25958543896586811     
 -0.88799999999999990       0.19703022119681055     
 -0.86399999999999988       0.13137508866450789     
 -0.83999999999999986        6.3609485795271134E-002
 -0.81599999999999984       -5.1977378109831244E-003
 -0.79199999999999982       -7.3918331737825999E-002
 -0.76799999999999979      -0.14138672376203174     
 -0.74399999999999977      -0.20642369182542392     
 -0.71999999999999975      -0.26786109609090458     
 -0.69599999999999973      -0.32456710029279079     
 -0.67199999999999971      -0.37547128802777224     
 -0.64799999999999969      -0.41958907110022475     
 -0.62399999999999967      -0.45604479381467528     
 -0.59999999999999964      -0.48409295907647476     
 -0.57599999999999962      -0.50313703880201588     
 -0.55199999999999960      -0.51274538156011018     
 -0.52799999999999958      -0.51266379332706913     
 -0.50399999999999956      -0.50282444118878356     
 -0.47999999999999954      -0.48335081294474042     
 -0.45599999999999952      -0.45455855582211074     
 -0.43199999999999950      -0.41695211268661564     
 -0.40799999999999947      -0.37121717192283277     
 -0.38399999999999945      -0.31820904517822840     
 -0.36000000000000032      -0.25893718305472435     
 -0.33600000000000030      -0.19454613028163906     
 -0.31200000000000028      -0.12629330672275005     
 -0.28800000000000026       -5.5524076733051354E-002
 -0.26400000000000023        1.6355364923894382E-002
 -0.24000000000000021        8.7906708715282653E-002
 -0.21600000000000019       0.15768922527016543     
 -0.19200000000000017       0.22428979119178749     
 -0.16800000000000015       0.28635258604022790     
 -0.14400000000000013       0.34260780457606554     
 -0.12000000000000011       0.39189874716078160     
  -9.6000000000000085E-002  0.43320668456865030     
  -7.2000000000000064E-002  0.46567294058977665     
  -4.8000000000000043E-002  0.48861769559013013     
  -2.4000000000000021E-002  0.50155508524675441     
   0.0000000000000000       0.50420424934799957     
   2.4000000000000021E-002  0.49649607397759576     
   4.8000000000000043E-002  0.47857546456100081     
   7.2000000000000064E-002  0.45079908499594185     
   9.6000000000000085E-002  0.41372859720574834     
  0.12000000000000011       0.36811953371697986     
  0.14400000000000013       0.31490603108431064     
  0.16800000000000015       0.25518174206391325     
  0.19200000000000017       0.19017732740450982     
  0.21600000000000019       0.12123500219139097     
  0.24000000000000021        4.9780675265171888E-002
  0.26400000000000023       -2.2705727989147283E-002
  0.28800000000000026       -9.4721130288840300E-002
  0.31200000000000028      -0.16477070009226913     
  0.33600000000000030      -0.23139911665833962     
  0.36000000000000032      -0.29322104011445038     
  0.38400000000000034      -0.34895014142753000     
  0.40800000000000036      -0.39742607818886194     
  0.43200000000000038      -0.43763884612448278     
  0.45600000000000041      -0.46874999223865660     
  0.48000000000000043      -0.49011024225265548     
  0.50400000000000045      -0.50127317106476166     
  0.52800000000000047      -0.50200462869397777     
  0.55200000000000049      -0.49228772379469266     
  0.57600000000000051      -0.47232326044465450     
  0.60000000000000053      -0.44252561954334713     
  0.62400000000000055      -0.40351417180829763     
  0.64800000000000058      -0.35610040302728557     
  0.67199999999999971      -0.30127102196680505     
  0.69599999999999973      -0.24016740529156777     
  0.71999999999999975      -0.17406181028099851     
  0.74399999999999977      -0.10433085346127968     
  0.76799999999999979       -3.2426810122102551E-002
  0.79199999999999982        4.0152665108728024E-002
  0.81599999999999984       0.11189576382357158     
  0.83999999999999986       0.18130804330906630     
  0.86399999999999988       0.24694358192577162     
  0.88799999999999990       0.30743512030799508     
  0.91199999999999992       0.36152255976237291     
  0.93599999999999994       0.40807922378684736     
  0.95999999999999996       0.44613533552420725     
  0.98399999999999999       0.47489822222200978     
   1.0080000000000000       0.49376882617370171     
   1.0320000000000000       0.50235417873644261     
   1.0560000000000000       0.50047557825068434     
   1.0800000000000001       0.48817230227096792     
   1.1040000000000001       0.46570077759212936     
   1.1280000000000001       0.43352922618359391     
   1.1520000000000001       0.39232789936035523     
   1.1760000000000002       0.34295510436338189     
   1.2000000000000002       0.28643931508750098     
   1.2240000000000002       0.22395774016198719     
   1.2480000000000002       0.15681179526711198     
   1.2720000000000002        8.6399990929085707E-002
   1.2960000000000003        1.4188800741249017E-002
   1.3200000000000003       -5.8317883103145556E-002
   1.3440000000000003      -0.12961007078045622     
   1.3680000000000003      -0.19820312006502028     
   1.3920000000000003      -0.26266865108974108     
   1.4160000000000004      -0.32166428705254579     
   1.4400000000000004      -0.37396160181191107     
   1.4640000000000004      -0.41847169272089318     
   1.4880000000000004      -0.45426784655237756     
   1.5120000000000005      -0.48060482693682588     
   1.5360000000000005      -0.49693438210681357     
   1.5600000000000005      -0.50291665045480405     
   1.5840000000000005      -0.49842722682376572     
   1.6080000000000005      -0.48355974278712804     
   1.6320000000000006      -0.45862390755522470     
   1.6560000000000006      -0.42413905062735385     
   1.6799999999999997      -0.38082330092588129     
   1.7039999999999997      -0.32957862795436060     
   1.7279999999999998      -0.27147205662638557     
   1.7519999999999998      -0.20771344702467187     
   1.7759999999999998      -0.13963030181523542     
   1.7999999999999998       -6.8640125872751021E-002
   1.8239999999999998        3.7790864152059431E-003
   1.8479999999999999        7.6119621764254380E-002
   1.8719999999999999       0.14687543598350719     
   1.8959999999999999       0.21457350597959196     
   1.9199999999999999       0.27780449319689060     
   1.9440000000000000       0.33525208027934522     
   1.9680000000000000       0.38572037038292928     
   1.9920000000000000       0.42815877891643267     
   2.0160000000000000       0.46168389970172108     
   2.0400000000000009       0.48559789053605074     
   2.0640000000000001       0.49940299559708684     
   2.0880000000000010       0.50281190254831953     
   2.1120000000000001       0.49575371890428688     
   2.1360000000000010       0.47837544339770965     
   2.1600000000000001       0.45103890185611711     
   2.1840000000000011       0.41431321149287831     
   2.2080000000000002       0.36896293058210172     
   2.2319999999999993       0.31593214028216782     
   2.2560000000000002       0.25632479002987596     
   2.2799999999999994       0.19138171568493478     
   2.3040000000000003       0.12245480884455977     
   2.3279999999999994        5.0978875029569631E-002
   2.3520000000000003       -2.1558233466826081E-002
   2.3759999999999994       -9.3646588379293266E-002
   2.4000000000000004      -0.16378561527351823     
   2.4239999999999995      -0.23051532816528247     
   2.4480000000000004      -0.29244671884287726     
   2.4719999999999995      -0.34829066838516914     
   2.4960000000000004      -0.39688477913599696     
   2.5199999999999996      -0.43721756868741002     
   2.5440000000000005      -0.46844952233795167     
   2.5679999999999996      -0.48993056588515205     
   2.5920000000000005      -0.50121359512221308     
   2.6159999999999997      -0.50206378048692146     
   2.6400000000000006      -0.49246345324764912     
   2.6639999999999997      -0.47261247157697300     
   2.6880000000000006      -0.44292405894339693     
   2.7119999999999997      -0.40401620148842809     
   2.7360000000000007      -0.35669878348805428     
   2.7599999999999998      -0.30195672870110030     
   2.7840000000000007      -0.24092949853567677     
   2.8079999999999998      -0.17488737378901706     
   2.8320000000000007      -0.10520501365732307     
   2.8559999999999999       -3.3332842377577304E-002
   2.8800000000000008        3.9233140926440771E-002
   2.9039999999999999       0.11098250080775660     
   2.9280000000000008       0.18042180434801292     
   2.9520000000000000       0.24610570593077455     
   2.9760000000000009       0.30666703094360920     
   3.0000000000000000       0.36084523225644977     
   3.0240000000000009       0.40751262719601306     
   3.0480000000000000       0.44569786893555380     
   3.0720000000000010       0.47460616378421500     
   3.0960000000000001       0.49363581359262476     
   3.1200000000000010       0.50239073898137665     
   3.1440000000000001       0.50068872275452492     
   3.1680000000000010       0.48856520194024716     
   3.1920000000000002       0.46627252955095377     
   3.2160000000000011       0.43427472144746526     
   3.2400000000000002       0.39323779766340333     
   3.2639999999999993       0.34401591924116381     
   3.2880000000000003       0.28763360914108543     
   3.3119999999999994       0.22526442728936119     
   3.3360000000000003       0.15820654363149428     
   3.3599999999999994        8.7855717620756016E-002
   3.3840000000000003        1.5676246551177529E-002
   3.4079999999999995       -5.6829512581156795E-002
   3.4320000000000004      -0.12815241331627192     
   3.4559999999999995      -0.19680793121101489     
   3.4800000000000004      -0.26136706276726396     
   3.5039999999999996      -0.32048606868251567     
   3.5280000000000005      -0.37293444235330075     
   3.5519999999999996      -0.41762052150254270     
   3.5760000000000005      -0.45361420985881079     
   3.5999999999999996      -0.48016633596729125     
   3.6240000000000006      -0.49672424620733779     
   3.6479999999999997      -0.50294330747268978     
   3.6720000000000006      -0.49869408010648486     
   3.6959999999999997      -0.48406501180203537     
   3.7200000000000006      -0.45936059640639088     
   3.7439999999999998      -0.42509503595631432     
   3.7680000000000007      -0.38198153787114342     
   3.7919999999999998      -0.33091747007574696     
   3.8160000000000007      -0.27296568303876895     
   3.8399999999999999      -0.20933238749194097     
   3.8640000000000008      -0.14134204828519970     
   3.8879999999999999       -7.0409816937252900E-002
   3.9120000000000008        1.9879233301417411E-003
   3.9359999999999999        7.4344287000324971E-002
   3.9600000000000009       0.14515325051301628     
   3.9840000000000000       0.21294099854670370     
   4.0080000000000009       0.27629659989475458     
   4.0320000000000000       0.33390137445226636     
   4.0560000000000009       0.38455634007423073     
   4.0800000000000001       0.42720716803147507     
   4.1040000000000010       0.46096612764686989     
   4.1280000000000001       0.48513056336150734     
   4.1520000000000010       0.49919751965428333     
   4.1760000000000002       0.50287420941661765     
   4.2000000000000011       0.49608410789787982     
   4.2240000000000002       0.47896854538588979     
   4.2479999999999993       0.45188376547558090     
   4.2720000000000002       0.41539351015743936     
   4.2959999999999994       0.37025728606133046     
   4.3200000000000003       0.31741455608299129     
   4.3439999999999994       0.25796518542878988     
   4.3680000000000003       0.19314654907407494     
   4.3919999999999995       0.12430777711906667     
   4.4160000000000004        5.2881674097332292E-002
   4.4399999999999995       -1.9645103294356120E-002
   4.4640000000000004       -9.1762989327329958E-002
   4.4879999999999995      -0.16197092918689371     
   4.5120000000000005      -0.22880762176203095     
   4.5359999999999996      -0.29088193499591830     
   4.5600000000000005      -0.34690186073648616     
   4.5839999999999996      -0.39570140642529661     
   4.6080000000000005      -0.43626486390545549     
   4.6319999999999997      -0.46774795022179827     
   4.6560000000000006      -0.48949538039251950     
   4.6799999999999997      -0.50105450639616511     
   4.7040000000000006      -0.50218473849497447     
   4.7279999999999998      -0.49286255280171987     
   4.7520000000000007      -0.47328198086432838     
   4.7759999999999998      -0.44385057107931025     
   4.8000000000000007      -0.40518090599366591     
   4.8239999999999998      -0.35807785205405140     
   4.8480000000000008      -0.30352180718607913     
   4.8719999999999999      -0.24264829488724210     
   4.8960000000000008      -0.17672432955991943     
   4.9199999999999999      -0.10712204501384136     
   4.9440000000000008       -3.5290135031215253E-002
   4.9680000000000000        3.7276299572929376E-002
   4.9920000000000009       0.10906686979575027     
   5.0160000000000000       0.17858733549348324     
   5.0400000000000009       0.24439070630377627     
   5.0640000000000001       0.30510735911321690     
   5.0880000000000010       0.35947354520941355     
   5.1120000000000001       0.40635769377385361     
   5.1360000000000010       0.44478396423868988     
   5.1600000000000001       0.47395255729218011     
   5.1840000000000011       0.49325636178284127     
   5.2080000000000002       0.50229359103629578     
   5.2320000000000011       0.50087614557479432     
   5.2560000000000002       0.48903352817933915     
   5.2799999999999994       0.46701222980734836     
   5.3040000000000003       0.43527059914771765     
   5.3279999999999994       0.39446930259811924     
   5.3520000000000003       0.34545757322959170     
   5.3759999999999994       0.28925553495102529     
   5.4000000000000004       0.22703296977617046     
   5.4239999999999995       0.16008497012870671     
   5.4480000000000004        8.9804982955090526E-002
   5.4719999999999995        1.7655806701490584E-002
   5.4960000000000004       -5.4860855180122542E-002
   5.5199999999999996      -0.12623565048758628     
   5.5440000000000005      -0.19498299372239297     
   5.5679999999999996      -0.25967198686490955     
   5.5920000000000005      -0.31895620189027069     
   5.6159999999999997      -0.37160170513586338     
   5.6400000000000006      -0.41651274022522061     
   5.6639999999999997      -0.45275453498764345     
   5.6880000000000006      -0.47957275767366159     
   5.7119999999999997      -0.49640921750750094     
   5.7360000000000007      -0.50291348278768100     
   5.7599999999999998      -0.49895017471832959     
   5.7840000000000007      -0.48460178515868585     
   5.8079999999999998      -0.46016695964267729     
   5.8320000000000007      -0.42615428140577327     
   5.8559999999999999      -0.38327168579768828     
   5.8800000000000008      -0.33241172540801317     
   5.9039999999999999      -0.27463299259456786     
   5.9280000000000008      -0.21113808608350379     
   5.9520000000000000      -0.14324858024137158     
   5.9760000000000009       -7.2377518005349181E-002
