  -6.0000000000000000       -2.0038204121622875E-266
  -5.9760000000000000        5.6413150146461908E-262
  -5.9520000000000000        7.8364382089214801E-258
  -5.9279999999999999        7.9349334172706348E-254
  -5.9039999999999999        1.7789311715298880E-250
  -5.8799999999999999        8.4214981736864980E-247
  -5.8559999999999999        1.3636159740043040E-243
  -5.8319999999999999       -1.7923524379711776E-238
  -5.8079999999999998        5.0824373260374056E-235
  -5.7839999999999998        4.7727150278998078E-231
  -5.7599999999999998        5.0957269424277352E-227
  -5.7359999999999998        1.3899057527840865E-223
  -5.7119999999999997        9.7237701317170120E-220
  -5.6879999999999997        1.0649472833899709E-216
  -5.6639999999999997        1.4707957887747162E-212
  -5.6399999999999997       -2.4056650289809754E-209
  -5.6159999999999997        1.1829850730517009E-205
  -5.5919999999999996       -1.5401130562863122E-202
  -5.5679999999999996        4.7319851475731500E-201
  -5.5439999999999996        5.4839131218110669E-195
  -5.5199999999999996        1.3270037378426544E-191
  -5.4960000000000004        7.1162559319226987E-189
  -5.4719999999999995       -8.0077188110976204E-185
  -5.4480000000000004        1.9480287187469202E-181
  -5.4239999999999995        2.4653310302322198E-180
  -5.4000000000000004       -1.3217721442905569E-175
  -5.3760000000000003       -5.0158210591320022E-172
  -5.3520000000000003        2.8205347663695939E-168
  -5.3280000000000003        4.3763467010023336E-166
  -5.3040000000000003        2.8901076512956999E-162
  -5.2800000000000002       -3.2251061779221548E-159
  -5.2560000000000002       -2.1161786814387257E-156
  -5.2320000000000002        8.7855276629687717E-154
  -5.2080000000000002       -1.6292529993264596E-150
  -5.1840000000000002        9.3963078928646125E-147
  -5.1600000000000001       -4.2434430514993549E-144
  -5.1360000000000001        1.8249762204440307E-141
  -5.1120000000000001       -3.2653500192183449E-138
  -5.0880000000000001        9.4399695625607653E-136
  -5.0640000000000001       -3.3387929324805584E-133
  -5.0400000000000000       -6.6038386058271746E-131
  -5.0160000000000000       -2.0701044761299424E-127
  -4.9920000000000000       -4.0015000933109824E-124
  -4.9680000000000000       -7.4535897598093108E-122
  -4.9440000000000000        1.0717857141214017E-119
  -4.9199999999999999       -1.0040454691154153E-116
  -4.8959999999999999       -1.1711565570375561E-113
  -4.8719999999999999        4.4919684913523117E-111
  -4.8479999999999999        3.5432471441630111E-110
  -4.8239999999999998        2.9399588989423828E-106
  -4.7999999999999998       -2.4401688427068181E-103
  -4.7759999999999998       -3.8772965132994663E-102
  -4.7519999999999998        2.5576933949930430E-098
  -4.7279999999999998       -2.7066131662574839E-096
  -4.7039999999999997       -5.4673052709396063E-094
  -4.6799999999999997       -2.6792831315337355E-092
  -4.6559999999999997       -2.3632736137001538E-089
  -4.6319999999999997       -3.1657761340388166E-087
  -4.6079999999999997       -3.2272118403979699E-085
  -4.5839999999999996        1.7789135483170243E-082
  -4.5600000000000005        3.3053369910507197E-080
  -4.5359999999999996        6.6026230530288722E-078
  -4.5120000000000005        1.8596389293050400E-075
  -4.4879999999999995        5.8736598110493300E-076
  -4.4640000000000004       -9.5482818921604592E-072
  -4.4399999999999995        4.2186530711631815E-070
  -4.4160000000000004       -1.8162533948664287E-068
  -4.3919999999999995       -1.4455010907120168E-065
  -4.3680000000000003       -3.1874549955210252E-064
  -4.3439999999999994       -3.9881178788626029E-062
  -4.3200000000000003       -7.2930068691493918E-060
  -4.2960000000000003        4.4051798516602465E-058
  -4.2720000000000002        3.5867113891316683E-056
  -4.2480000000000002       -5.6879171493086720E-055
  -4.2240000000000002        3.3083585376107095E-053
  -4.2000000000000002        4.0667228653299228E-051
  -4.1760000000000002        7.4554008090107422E-051
  -4.1520000000000001       -1.0381339272387682E-047
  -4.1280000000000001        4.0432835801056956E-046
  -4.1040000000000001       -6.4691628769603116E-045
  -4.0800000000000001        4.0861029179367749E-043
  -4.0560000000000000        5.0250604786621913E-041
  -4.0320000000000000        7.5593136539609730E-040
  -4.0080000000000000        1.2669824283657901E-038
  -3.9840000000000000        3.4340232045450217E-037
  -3.9600000000000000        8.5478905162039695E-036
  -3.9359999999999999        3.3478898102581553E-035
  -3.9119999999999999       -7.0278194514795557E-034
  -3.8879999999999999        1.1579090333298735E-031
  -3.8639999999999999        6.2027017437489795E-031
  -3.8399999999999999       -8.5305597040882180E-031
  -3.8159999999999998        1.9318495351014786E-028
  -3.7919999999999998        5.4084664353930940E-027
  -3.7679999999999998        5.2531789150907696E-026
  -3.7439999999999998        1.2015819841461267E-024
  -3.7199999999999998        3.8838554329585812E-024
  -3.6959999999999997        4.0535558342849348E-023
  -3.6720000000000002        6.0970103225369266E-022
  -3.6480000000000001        8.9588400585738466E-022
  -3.6240000000000001        2.4872491073706113E-022
  -3.6000000000000001        6.6110533918491123E-020
  -3.5760000000000001        6.2152533672471286E-020
  -3.5520000000000000       -2.2375015877724151E-018
  -3.5280000000000000       -3.0134466352985855E-018
  -3.5040000000000000        2.2440164727152712E-017
  -3.4800000000000000        6.5554469075040777E-017
  -3.4560000000000000        6.1805351238218176E-017
  -3.4319999999999999       -1.2221745033999376E-016
  -3.4079999999999999        2.6858016087744425E-016
  -3.3839999999999999       -6.6019767761248267E-016
  -3.3599999999999999        1.8022336859677497E-016
  -3.3359999999999999        7.1814989750425959E-017
  -3.3119999999999998        5.5920424983994931E-016
  -3.2879999999999998        4.9685826907843787E-016
  -3.2639999999999998       -2.8995156796520564E-016
  -3.2399999999999998        3.7774415915012548E-016
  -3.2159999999999997        7.0046890688999065E-016
  -3.1919999999999997       -6.7902181970085379E-016
  -3.1680000000000001        1.3598771222566983E-016
  -3.1440000000000001       -3.1121742066695229E-016
  -3.1200000000000001       -1.3234566104104649E-015
  -3.0960000000000001        1.5493289983920367E-015
  -3.0720000000000001       -1.6655403518708917E-015
  -3.0480000000000000       -1.4538523936919145E-015
  -3.0240000000000000       -2.6194439335760417E-015
  -3.0000000000000000       -1.0936450880863290E-014
  -2.9760000000000000       -3.3452211003788777E-014
  -2.9520000000000000       -1.0971661681846794E-013
  -2.9279999999999999       -3.3837722352826235E-013
  -2.9039999999999999       -1.0337274565036424E-012
  -2.8799999999999999       -3.0413874800922353E-012
  -2.8559999999999999       -8.6481560788615521E-012
  -2.8319999999999999       -2.3807869498615792E-011
  -2.8079999999999998       -6.3500213624458097E-011
  -2.7839999999999998       -1.6420438382454241E-010
  -2.7599999999999998       -4.1203914812282826E-010
  -2.7359999999999998       -1.0040910592403510E-009
  -2.7119999999999997       -2.3781030844503880E-009
  -2.6879999999999997       -5.4782708989112134E-009
  -2.6640000000000001       -1.2283939992745768E-008
  -2.6400000000000001       -2.6830737108098615E-008
  -2.6160000000000001       -5.7126887409018121E-008
  -2.5920000000000001       -1.1864972024800002E-007
  -2.5680000000000001       -2.4055196798005064E-007
  -2.5440000000000000       -4.7638450573482344E-007
  -2.5200000000000000       -9.2213791676369097E-007
  -2.4960000000000000       -1.7458189457851397E-006
  -2.4720000000000000       -3.2347118768590138E-006
  -2.4480000000000000       -5.8690196142032678E-006
  -2.4239999999999999       -1.0433788336569860E-005
  -2.3999999999999999       -1.8184879129041168E-005
  -2.3759999999999999       -3.1089138851831075E-005
  -2.3519999999999999       -5.2163573281705997E-005
  -2.3279999999999998       -8.5942784939211961E-005
  -2.3039999999999998       -1.3910754395599106E-004
  -2.2799999999999998       -2.2130923350412084E-004
  -2.2559999999999998       -3.4622398541809711E-004
  -2.2319999999999998       -5.3286540453259578E-004
  -2.2079999999999997       -8.0717466465178871E-004
  -2.1839999999999997       -1.2038903721315664E-003
  -2.1600000000000001       -1.7686771805498441E-003
  -2.1360000000000001       -2.5604614714020632E-003
  -2.1120000000000001       -3.6538849814911822E-003
  -2.0880000000000001       -5.1417444395224082E-003
  -2.0640000000000001       -7.1372394475470334E-003
  -2.0400000000000000       -9.7758053947335621E-003
  -2.0160000000000000       -1.3216267418057115E-002
  -1.9920000000000000       -1.7641020312357085E-002
  -1.9680000000000000       -2.3254923162545193E-002
  -1.9440000000000000       -3.0282601526641591E-002
  -1.9199999999999999       -3.8963878789432561E-002
  -1.8959999999999999       -4.9547115165676212E-002
  -1.8719999999999999       -6.2280319336524961E-002
  -1.8479999999999999       -7.7400013219368263E-002
  -1.8239999999999998       -9.5117971742758878E-002
  -1.7999999999999998      -0.11560612091986838     
  -1.7759999999999998      -0.13898005063409780     
  -1.7519999999999998      -0.16528177280780129     
  -1.7279999999999998      -0.19446251881639595     
  -1.7039999999999997      -0.22636650905785749     
  -1.6799999999999997      -0.26071672945774493     
  -1.6559999999999997      -0.29710380238920858     
  -1.6319999999999997      -0.33497903306858817     
  -1.6079999999999997      -0.37365263997289400     
  -1.5839999999999996      -0.41229803597865960     
  -1.5599999999999996      -0.44996281679072703     
  -1.5359999999999996      -0.48558684041567557     
  -1.5119999999999996      -0.51802745605270573     
  -1.4879999999999995      -0.54609157709457146     
  -1.4639999999999995      -0.56857390871815761     
  -1.4399999999999995      -0.58430025613517744     
  -1.4159999999999995      -0.59217447674329804     
  -1.3919999999999995      -0.59122732011246548     
  -1.3680000000000003      -0.58066514475256237     
  -1.3440000000000003      -0.55991632828387583     
  -1.3200000000000003      -0.52867311269142092     
  -1.2960000000000003      -0.48692665888993886     
  -1.2720000000000002      -0.43499322959784359     
  -1.2480000000000002      -0.37352967544620214     
  -1.2240000000000002      -0.30353675932968921     
  -1.2000000000000002      -0.22634930551028185     
  -1.1760000000000002      -0.14361268497997948     
  -1.1520000000000001       -5.7245724758374493E-002
  -1.1280000000000001        3.0609269501709967E-002
  -1.1040000000000001       0.11764808873195726     
  -1.0800000000000001       0.20147593578170955     
  -1.0560000000000000       0.27968611274394950     
  -1.0320000000000000       0.34994328586568002     
  -1.0080000000000000       0.41006821383320868     
 -0.98399999999999999       0.45812062979024576     
 -0.95999999999999996       0.49247690888645945     
 -0.93599999999999994       0.51189923793696546     
 -0.91199999999999992       0.51559323196994056     
 -0.88799999999999990       0.50325130765453863     
 -0.86399999999999988       0.47507961320355080     
 -0.83999999999999986       0.43180690998796073     
 -0.81599999999999984       0.37467447949780130     
 -0.79199999999999982       0.30540686320790084     
 -0.76799999999999979       0.22616400236274736     
 -0.74399999999999977       0.13947609820832044     
 -0.71999999999999975        4.8163229174776591E-002
 -0.69599999999999973       -4.4757590409842299E-002
 -0.67199999999999971      -0.13617467314593507     
 -0.64799999999999969      -0.22298957348300635     
 -0.62399999999999967      -0.30222669195590673     
 -0.59999999999999964      -0.37114046558161989     
 -0.57599999999999962      -0.42731606144479672     
 -0.55199999999999960      -0.46875967234142268     
 -0.52799999999999958      -0.49397485137891034     
 -0.50399999999999956      -0.50202180481379233     
 -0.47999999999999954      -0.49255717141176941     
 -0.45599999999999952      -0.46585252931107507     
 -0.43199999999999950      -0.42279066054560899     
 -0.40799999999999947      -0.36483943862679447     
 -0.38399999999999945      -0.29400405348687308     
 -0.36000000000000032      -0.21275911754353555     
 -0.33600000000000030      -0.12396297415584122     
 -0.31200000000000028       -3.0757224702236408E-002
 -0.28800000000000026        6.3544924572235956E-002
 -0.26400000000000023       0.15557744322090908     
 -0.24000000000000021       0.24204303201153374     
 -0.21600000000000019       0.31983296416964718     
 -0.19200000000000017       0.38614075726892721     
 -0.16800000000000015       0.43856542370040069     
 -0.14400000000000013       0.47520041304674371     
 -0.12000000000000011       0.49470487400102175     
  -9.6000000000000085E-002  0.49635450757762917     
  -7.2000000000000064E-002  0.48007003312233876     
  -4.8000000000000043E-002  0.44642211580730073     
  -2.4000000000000021E-002  0.39661247767020230     
   0.0000000000000000       0.33243180080806861     
   2.4000000000000021E-002  0.25619589753049410     
   4.8000000000000043E-002  0.17066243534766362     
   7.2000000000000064E-002   7.8931233870088297E-002
   9.6000000000000085E-002  -1.5668231523598895E-002
  0.12000000000000011      -0.10969800135558828     
  0.14400000000000013      -0.19973703106899524     
  0.16800000000000015      -0.28250620469295218     
  0.19200000000000017      -0.35498835727935868     
  0.21600000000000019      -0.41453887835557957     
  0.24000000000000021      -0.45898281135366586     
  0.26400000000000023      -0.48669485845977400     
  0.28800000000000026      -0.49665932810410046     
  0.31200000000000028      -0.48850779997717131     
  0.33600000000000030      -0.46253310256652413     
  0.36000000000000032      -0.41967907030642493     
  0.38400000000000034      -0.36150643920267395     
  0.40800000000000036      -0.29013611825114788     
  0.43200000000000038      -0.20817190668469632     
  0.45600000000000041      -0.11860548337963311     
  0.48000000000000043       -2.4707146825428319E-002
  0.50400000000000045        7.0093692009654013E-002
  0.52800000000000047       0.16233388496280077     
  0.55200000000000049       0.24864319556308093     
  0.57600000000000051       0.32586758019338935     
  0.60000000000000053       0.39118458381717131     
  0.62400000000000055       0.44220662190090154     
  0.64800000000000058       0.47706836449295870     
  0.67199999999999971       0.49449502133573797     
  0.69599999999999973       0.49384902693256139     
  0.71999999999999975       0.47515341594203542     
  0.74399999999999977       0.43909103308782221     
  0.76799999999999979       0.38697960665485853     
  0.79199999999999982       0.32072359818677498     
  0.81599999999999984       0.24274459087195235     
  0.83999999999999986       0.15589276422854834     
  0.86399999999999988        6.3342694382423639E-002
  0.88799999999999990       -3.1522707781998262E-002
  0.91199999999999992      -0.12523587493380794     
  0.93599999999999994      -0.21437135441790939     
  0.95999999999999996      -0.29567103604832584     
  0.98399999999999999      -0.36616325750516893     
   1.0080000000000000      -0.42327143275720691     
   1.0320000000000000      -0.46490823258303970     
   1.0560000000000000      -0.48955187500946651     
   1.0800000000000001      -0.49630173796276333     
   1.1040000000000001      -0.48491126268851126     
   1.1280000000000001      -0.45579694687691508     
   1.1520000000000001      -0.41002310057421965     
   1.1760000000000002      -0.34926292391465535     
   1.2000000000000002      -0.27573733109754373     
   1.2240000000000002      -0.19213375824362919     
   1.2480000000000002      -0.10150792409001301     
   1.2720000000000002       -7.1721352168333079E-003
   1.2960000000000003        8.7425781094172872E-002
   1.3200000000000003       0.17882849112413091     
   1.3440000000000003       0.26369551045596445     
   1.3680000000000003       0.33892528344729383     
   1.3920000000000003       0.40176852533747226     
   1.4160000000000004       0.44992868551946041     
   1.4400000000000004       0.48164586143273536     
   1.4640000000000004       0.49576109753246300     
   1.4880000000000004       0.49175872074754307     
   1.5120000000000005       0.46978516655118269     
   1.5360000000000005       0.43064360889982845     
   1.5600000000000005       0.37576459145686303     
   1.5840000000000005       0.30715373440362304     
   1.6080000000000005       0.22731842871640270     
   1.6320000000000006       0.13917619745785192     
   1.6560000000000006        4.5948073353506313E-002
   1.6799999999999997       -4.8959110761906573E-002
   1.7039999999999997      -0.14207721712574745     
   1.7279999999999998      -0.23000353461660239     
   1.7519999999999998      -0.30952511595734933     
   1.7759999999999998      -0.37773617747612520     
   1.7999999999999998      -0.43214427200758065     
   1.8239999999999998      -0.47076135588087897     
   1.8479999999999999      -0.49217642301135595     
   1.8719999999999999      -0.49560705271461730     
   1.8959999999999999      -0.48092798838057393     
   1.9199999999999999      -0.44867570342721352     
   1.9440000000000000      -0.40002878833487743     
   1.9680000000000000      -0.33676487598578797     
   1.9920000000000000      -0.26119567972589369     
   2.0160000000000000      -0.17608251821038981     
   2.0400000000000009       -8.4535413978542959E-002
   2.0640000000000001        1.0100547214748772E-002
   2.0880000000000010       0.10436744392395500     
   2.1120000000000001       0.19482086736921356     
   2.1360000000000010       0.27815577413552534     
   2.1600000000000001       0.35132724493171663     
   2.1840000000000011       0.41166173733112299     
   2.2080000000000002       0.45695476781381533     
   2.2319999999999993       0.48555145432594837     
   2.2560000000000002       0.49640697684502261     
   2.2799999999999994       0.48912474720733240     
   2.3040000000000003       0.46397089390608603     
   2.3279999999999994       0.42186453294827425     
   2.3520000000000003       0.36434418054830314     
   2.3759999999999994       0.29351153511436756     
   2.4000000000000004       0.21195468280329952     
   2.4239999999999995       0.12265353267408213     
   2.4480000000000004        2.8870936695219337E-002
   2.4719999999999995       -6.5966527161454916E-002
   2.4960000000000004      -0.15839375288319957     
   2.5199999999999996      -0.24503371110083524     
   2.5440000000000005      -0.32272083481171665     
   2.5679999999999996      -0.38861667811075912     
   2.5920000000000005      -0.44031362225369103     
   2.6159999999999997      -0.47592284011605734     
   2.6400000000000006      -0.49414330527718292     
   2.6639999999999997      -0.49430932453588045     
   2.6880000000000006      -0.47641485734936656     
   2.7119999999999997      -0.44111373380947300     
   2.7360000000000007      -0.38969576334394246     
   2.7599999999999998      -0.32403960718326941     
   2.7840000000000007      -0.24654413658292706     
   2.8079999999999998      -0.16004078482071948     
   2.8320000000000007       -6.7690095381887805E-002
   2.8559999999999999        2.7133753868643074E-002
   2.8800000000000008       0.12096623144129573     
   2.9039999999999999       0.21037903368143243     
   2.9280000000000008       0.29210534213958556     
   2.9520000000000000       0.36315918045728968     
   2.9760000000000009       0.42094450997329685     
   3.0000000000000000       0.46335007817805113     
   3.0240000000000009       0.48882655469173186     
   3.0480000000000000       0.49644313659412909     
   3.0720000000000010       0.48592155504842427     
   3.0960000000000001       0.45764624082943417     
   3.1200000000000010       0.41265027742388111     
   3.1440000000000001       0.35257765499066690     
   3.1680000000000010       0.27962320433343268     
   3.1920000000000002       0.19645240551085114     
   3.2160000000000011       0.10610400099857935     
   3.2400000000000002        1.1878971557104061E-002
   3.2639999999999993       -8.2780068801449377E-002
   3.2880000000000003      -0.17441465231970066     
   3.3119999999999994      -0.25967681600447123     
   3.3360000000000003      -0.33545142252586191     
   3.3599999999999994      -0.39896997442004317     
   3.3840000000000003      -0.44791176331780652     
   3.4079999999999995      -0.48048865865371271     
   3.4320000000000004      -0.49551043806124151     
   3.4559999999999995      -0.49242827258893995     
   3.4800000000000004      -0.47135477800598430     
   3.5039999999999996      -0.43305989964325836     
   3.5280000000000005      -0.37894278115602503     
   3.5519999999999996      -0.31098064503877954     
   3.5760000000000005      -0.23165655261303811     
   3.5999999999999996      -0.14386868285960841     
   3.6240000000000006       -5.0824444685181727E-002
   3.6479999999999997        4.4076708670206563E-002
   3.6720000000000006       0.13736748160804613     
   3.6959999999999997       0.22563941670855089     
   3.7200000000000006       0.30566742545964304     
   3.7439999999999998       0.37452761935701451     
   3.7680000000000007       0.42970413633524185     
   3.7919999999999998       0.46918105955755818     
   3.8160000000000007       0.49151607025685140     
   3.8399999999999999       0.49589314368276555     
   3.8640000000000008       0.48215236288686852     
   3.8879999999999999       0.45079576109518327     
   3.9120000000000008       0.40296897923043584     
   3.9359999999999999       0.34041940875669818     
   3.9600000000000009       0.26543234914361463     
   3.9840000000000000       0.18074751249722926     
   4.0080000000000009        8.9458925932651756E-002
   4.0320000000000000       -5.0981111634359564E-003
   4.0560000000000009       -9.9468884876232233E-002
   4.0800000000000001      -0.19020548734830142     
   4.1040000000000010      -0.27399278864645038     
   4.1280000000000001      -0.34776955743896398     
   4.1520000000000010      -0.40884030525630738     
   4.1760000000000002      -0.45497376803081313     
   4.2000000000000011      -0.48448442682914261     
   4.2240000000000002      -0.49629408936756297     
   4.2479999999999993      -0.48997128239442950     
   4.2720000000000002      -0.46574701572024940     
   4.2959999999999994      -0.42450634195423009     
   4.3200000000000003      -0.36775602032680749     
   4.3439999999999994      -0.29756946603089351     
   4.3680000000000003      -0.21651099640317284     
   4.3919999999999995      -0.12754214167008313     
   4.4160000000000004       -3.3913443265369769E-002
   4.4399999999999995        6.0954307053537667E-002
   4.4640000000000004       0.15359504827677373     
   4.4879999999999995       0.24062408512988739     
   4.5120000000000005       0.31886175028164038     
   4.5359999999999996       0.38544957568883736     
   4.5600000000000005       0.43795472868026719     
   4.5839999999999996       0.47445889713851652     
   4.6080000000000005       0.49362837630207873     
   4.6319999999999997       0.49476279652239524     
   4.6560000000000006       0.47782071167808504     
   4.6799999999999997       0.44342111336062373     
   4.7040000000000006       0.39282081551384074     
   4.7279999999999998       0.32786853579908259     
   4.7520000000000007       0.25093735135832007     
   4.7759999999999998       0.16483799675325372     
   4.8000000000000007        7.2716171801893187E-002
   4.8239999999999998       -2.2062388757148103E-002
   4.8480000000000008      -0.11603488471330278     
   4.8719999999999999      -0.20576796617242132     
   4.8960000000000008      -0.28798317334444817     
   4.9199999999999999      -0.35967671730305495     
   4.9440000000000008      -0.41822922544684171     
   4.9680000000000000      -0.46150144203863319     
   4.9920000000000009      -0.48791238734058812     
   5.0160000000000000      -0.49649711975014621     
   5.0400000000000009      -0.48694199056023252     
   5.0640000000000001      -0.45959610328942335     
   5.0880000000000010      -0.41545855890988959     
   5.1120000000000001      -0.35614195297939744     
   5.1360000000000010      -0.28381345833623195     
   5.1600000000000001      -0.20111564594223005     
   5.1840000000000011      -0.11106993673924277     
   5.2080000000000002       -1.6966211971676613E-002
   5.2320000000000011        7.7757384862855702E-002
   5.2560000000000002       0.16964006291755576     
   5.2799999999999994       0.25532482632994152     
   5.3040000000000003       0.33168112432911584     
   5.3279999999999994       0.39591922801312696     
   5.3520000000000003       0.44569215496444853     
   5.3759999999999994       0.47918141782015433     
   5.4000000000000004       0.49516346391603838     
   5.4239999999999995       0.49305437858875234     
   5.4480000000000004       0.47293121887184369     
   5.4719999999999995       0.43552919814596813     
   5.4960000000000004       0.38221482460496486     
   5.5199999999999996       0.31493597494303482     
   5.5440000000000005       0.23615072735518944     
   5.5679999999999996       0.14873755398581792     
   5.5920000000000005        5.5890154005086186E-002
   5.6159999999999997       -3.8999230342315873E-002
   5.6400000000000006      -0.13246375158945278     
   5.6639999999999997      -0.22108862064779877     
   5.6880000000000006      -0.30163586841685386     
   5.7119999999999997      -0.37116264715385311     
   5.7360000000000007      -0.42712874938415174     
   5.7599999999999998      -0.46748941607725170     
   5.7840000000000007      -0.49077004328014512     
   5.8079999999999998      -0.49612005775163459     
   5.8320000000000007      -0.48334399321582922     
   5.8559999999999999      -0.45290863184369323     
   5.8800000000000008      -0.40592595004436616     
   5.9039999999999999      -0.34411249165371749     
   5.9280000000000008      -0.26972665284832209     
   5.9520000000000000      -0.18548617012285964     
   5.9760000000000009       -9.4468825963198264E-002
