  -6.0000000000000000        3.7618784110831338E-266
  -5.9760000000000000        1.5493090239630293E-262
  -5.9520000000000000        3.6500764308944101E-259
  -5.9279999999999999       -1.9032731913109454E-254
  -5.9039999999999999       -1.4712377562308994E-250
  -5.8799999999999999        3.1407925048621387E-246
  -5.8559999999999999        1.3214063953049867E-243
  -5.8319999999999999        8.9699753036642712E-239
  -5.8079999999999998        2.4938299898644779E-235
  -5.7839999999999998        1.3176961154947535E-231
  -5.7599999999999998        1.5796343175227573E-227
  -5.7359999999999998       -6.0513287512043413E-224
  -5.7119999999999997        2.2033941929541656E-220
  -5.6879999999999997        1.9262526420826967E-216
  -5.6639999999999997        1.7941605277837540E-215
  -5.6399999999999997       -1.3370020777454388E-210
  -5.6159999999999997        6.4186000563969318E-206
  -5.5919999999999996        3.3683162774387985E-202
  -5.5679999999999996        3.7963149183567279E-199
  -5.5439999999999996       -3.1370744837892662E-195
  -5.5199999999999996       -1.7739167313553148E-192
  -5.4960000000000004        1.9768792352287304E-188
  -5.4719999999999995        3.5962170004182318E-185
  -5.4480000000000004       -8.2637818918178390E-182
  -5.4239999999999995        8.6538060110422843E-179
  -5.4000000000000004        7.5710869052660258E-176
  -5.3760000000000003       -3.0280553482123354E-172
  -5.3520000000000003        6.3339126741385888E-169
  -5.3280000000000003       -9.0920724210758894E-167
  -5.3040000000000003       -1.0760529220320393E-163
  -5.2800000000000002        3.4602563121018594E-159
  -5.2560000000000002       -1.1143492288516477E-156
  -5.2320000000000002        2.0640624351190367E-153
  -5.2080000000000002        3.8949873177418907E-151
  -5.1840000000000002       -5.6776981728832176E-148
  -5.1600000000000001        4.5387995086056631E-144
  -5.1360000000000001        5.1763920167870779E-142
  -5.1120000000000001       -7.1319224576151900E-139
  -5.0880000000000001        5.8313934191779833E-136
  -5.0640000000000001        2.8526647821345385E-133
  -5.0400000000000000       -5.5234227272563549E-130
  -5.0160000000000000       -1.7398279772099746E-127
  -4.9920000000000000        2.2287406662146114E-124
  -4.9680000000000000       -5.5142736901764844E-123
  -4.9440000000000000        7.3437851974967345E-120
  -4.9199999999999999        1.8015749364899943E-116
  -4.8959999999999999       -1.0948721061776818E-113
  -4.8719999999999999       -5.1996779192555518E-112
  -4.8479999999999999       -5.4183465748495772E-109
  -4.8239999999999998       -8.7948506193457653E-106
  -4.7999999999999998        1.0713029592258378E-103
  -4.7759999999999998        5.8668310626514528E-101
  -4.7519999999999998       -4.0200866597925820E-100
  -4.7279999999999998        2.6105290441652224E-096
  -4.7039999999999997        5.5726927516100271E-094
  -4.6799999999999997       -7.1186467708104693E-092
  -4.6559999999999997       -7.6363062709063745E-090
  -4.6319999999999997        3.3505325131293275E-087
  -4.6079999999999997       -1.1037662594677223E-085
  -4.5839999999999996       -2.1784254127125222E-082
  -4.5600000000000005       -1.7992062978017119E-080
  -4.5359999999999996       -5.7714319523751728E-078
  -4.5120000000000005       -4.1183932835710690E-076
  -4.4879999999999995        2.7503097167030170E-075
  -4.4640000000000004        7.6955675153142537E-072
  -4.4399999999999995       -8.8024130045751471E-070
  -4.4160000000000004        5.7710039821218537E-068
  -4.3919999999999995        1.4165120616679317E-065
  -4.3680000000000003       -3.5598410351796616E-064
  -4.3439999999999994       -1.3240864945534568E-062
  -4.3200000000000003        1.8409963964845573E-060
  -4.2960000000000003       -2.5215227660573640E-058
  -4.2720000000000002       -7.7196438611257778E-057
  -4.2480000000000002       -8.3698364139050541E-055
  -4.2240000000000002        1.0375816820314821E-052
  -4.2000000000000002       -3.8858362897061260E-051
  -4.1760000000000002        7.9894080959692283E-050
  -4.1520000000000001        1.6062277407168557E-048
  -4.1280000000000001       -2.1492306639667120E-046
  -4.1040000000000001       -3.1058282473627500E-045
  -4.0800000000000001        5.8305374604190300E-044
  -4.0560000000000000        1.3367837397933432E-042
  -4.0320000000000000        5.5222314913447448E-040
  -4.0080000000000000        9.1463967232840749E-039
  -3.9840000000000000        2.1883171721038907E-037
  -3.9600000000000000        5.2644769648737030E-036
  -3.9359999999999999        2.3098167929556706E-035
  -3.9119999999999999        2.3898111300493894E-033
  -3.8879999999999999        6.8584708065105397E-033
  -3.8639999999999999        1.6910739956755075E-030
  -3.8399999999999999        6.1498017976336196E-030
  -3.8159999999999998       -2.6908032580603734E-028
  -3.7919999999999998       -1.7584366915958445E-027
  -3.7679999999999998       -2.5232823405589896E-027
  -3.7439999999999998        3.0456943925700048E-026
  -3.7199999999999998        1.8074795043288982E-024
  -3.6959999999999997        2.3919139722135919E-023
  -3.6720000000000002        5.3706070865305978E-023
  -3.6480000000000001       -1.2028759513376594E-021
  -3.6240000000000001       -1.3269484242883597E-020
  -3.6000000000000001       -4.8174587653636375E-020
  -3.5760000000000001       -2.3344355957782358E-019
  -3.5520000000000000        4.2886663729547583E-019
  -3.5280000000000000       -8.5626887107079775E-019
  -3.5040000000000000       -2.2109310222795250E-017
  -3.4800000000000000        5.5996610920861564E-018
  -3.4560000000000000       -3.6551577392060098E-016
  -3.4319999999999999       -2.0539059519165621E-016
  -3.4079999999999999       -9.8026427987665432E-017
  -3.3839999999999999       -1.6620789480728116E-016
  -3.3599999999999999        3.6561056281362272E-017
  -3.3359999999999999        9.0811754484851337E-016
  -3.3119999999999998        1.2773208490195477E-015
  -3.2879999999999998        1.0182480436067307E-015
  -3.2639999999999998       -4.0446507297440216E-016
  -3.2399999999999998       -6.7135472041156145E-016
  -3.2159999999999997       -6.1169762181711240E-016
  -3.1919999999999997       -5.8892658740275939E-016
  -3.1680000000000001        1.0029378430695162E-015
  -3.1440000000000001       -5.8681312981515618E-016
  -3.1200000000000001       -6.6146519682703317E-016
  -3.0960000000000001        7.4770558036346409E-016
  -3.0720000000000001       -5.2428748032643424E-016
  -3.0480000000000000       -1.2277024117765859E-015
  -3.0240000000000000        2.8576466897140905E-017
  -3.0000000000000000        7.4820483143158131E-016
  -2.9760000000000000        2.6969689779986472E-015
  -2.9520000000000000        5.6629476407548277E-015
  -2.9279999999999999        1.6987961341746118E-014
  -2.9039999999999999        4.9444953554564142E-014
  -2.8799999999999999        1.4567140897866043E-013
  -2.8559999999999999        4.1845257777860088E-013
  -2.8319999999999999        1.1600989477137126E-012
  -2.8079999999999998        3.1209337367320866E-012
  -2.7839999999999998        8.1499646877075448E-012
  -2.7599999999999998        2.0647063837018122E-011
  -2.7359999999999998        5.0824242021399426E-011
  -2.7119999999999997        1.2164241128509194E-010
  -2.6879999999999997        2.8329193501293374E-010
  -2.6640000000000001        6.4247872492563703E-010
  -2.6400000000000001        1.4199638996846199E-009
  -2.6160000000000001        3.0606040880892791E-009
  -2.5920000000000001        6.4381435530168457E-009
  -2.5680000000000001        1.3226422279520493E-008
  -2.5440000000000000        2.6555204862527050E-008
  -2.5200000000000000        5.2140196289437840E-008
  -2.4960000000000000        1.0018307497434623E-007
  -2.4720000000000000        1.8849095181751848E-007
  -2.4480000000000000        3.4747987474733130E-007
  -2.4239999999999999        6.2801956972614812E-007
  -2.3999999999999999        1.1134617636252510E-006
  -2.3759999999999999        1.9376850640119183E-006
  -2.3519999999999999        3.3115929715580789E-006
  -2.3279999999999998        5.5612159551915639E-006
  -2.3039999999999998        9.1813791127146158E-006
  -2.2799999999999998        1.4909770613274287E-005
  -2.2559999999999998        2.3827130132445819E-005
  -2.2319999999999998        3.7490093530134763E-005
  -2.2079999999999997        5.8103880510775094E-005
  -2.1839999999999997        8.8742373944774246E-005
  -2.1600000000000001        1.3362307561138009E-004
  -2.1360000000000001        1.9844378897284821E-004
  -2.1120000000000001        2.9078653465151600E-004
  -2.0880000000000001        4.2059202805523355E-004
  -2.0640000000000001        6.0070495456408292E-004
  -2.0400000000000000        8.4748623175700079E-004
  -2.0160000000000000        1.1814834801977987E-003
  -1.9920000000000000        1.6281451439262766E-003
  -1.9680000000000000        2.2185573004263274E-003
  -1.9440000000000000        2.9901754548209993E-003
  -1.9199999999999999        3.9875168794971955E-003
  -1.8959999999999999        5.2627727570300790E-003
  -1.8719999999999999        6.8762939738170048E-003
  -1.8479999999999999        8.8969003731141603E-003
  -1.8239999999999998        1.1401961073771146E-002
  -1.7999999999999998        1.4477193512057946E-002
  -1.7759999999999998        1.8216131505588401E-002
  -1.7519999999999998        2.2719218098117271E-002
  -1.7279999999999998        2.8092487314673117E-002
  -1.7039999999999997        3.4445810179971857E-002
  -1.6799999999999997        4.1890694211090047E-002
  -1.6559999999999997        5.0537641711078336E-002
  -1.6319999999999997        6.0493090038949544E-002
  -1.6079999999999997        7.1855975961619870E-002
  -1.5839999999999996        8.4713985453208712E-002
  -1.5599999999999996        9.9139569081613005E-002
  -1.5359999999999996       0.11518582056941905     
  -1.5119999999999996       0.13288233141011321     
  -1.4879999999999995       0.15223114678992264     
  -1.4639999999999995       0.17320295683282499     
  -1.4399999999999995       0.19573366179930560     
  -1.4159999999999995       0.21972144992907477     
  -1.3919999999999995       0.24502452189697740     
  -1.3680000000000003       0.27145958630499201     
  -1.3440000000000003       0.29880123640206274     
  -1.3200000000000003       0.32678229962791205     
  -1.2960000000000003       0.35509522910293617     
  -1.2720000000000002       0.38339458046669678     
  -1.2480000000000002       0.41130058925561497     
  -1.2240000000000002       0.43840383415198986     
  -1.2000000000000002       0.46427094083609688     
  -1.1760000000000002       0.48845125076304730     
  -1.1520000000000001       0.51048434989317037     
  -1.1280000000000001       0.52990832511766917     
  -1.1040000000000001       0.54626859166595598     
  -1.0800000000000001       0.55912711389084924     
  -1.0560000000000000       0.56807182512734156     
  -1.0320000000000000       0.57272604030639296     
  -1.0080000000000000       0.57275764803595652     
 -0.98399999999999999       0.56788786715137130     
 -0.95999999999999996       0.55789935635392252     
 -0.93599999999999994       0.54264347442363892     
 -0.91199999999999992       0.52204650239688699     
 -0.88799999999999990       0.49611465770115426     
 -0.86399999999999988       0.46493775308383956     
 -0.83999999999999986       0.42869137970681204     
 -0.81599999999999984       0.38763752336935875     
 -0.79199999999999982       0.34212355477239709     
 -0.76799999999999979       0.29257956830486004     
 -0.74399999999999977       0.23951407825309184     
 -0.71999999999999975       0.18350811583272791     
 -0.69599999999999973       0.12520780425865113     
 -0.67199999999999971        6.5315521468385263E-002
 -0.64799999999999969        4.5797904072988494E-003
 -0.62399999999999967       -5.6215935663654321E-002
 -0.59999999999999964      -0.11626540113068441     
 -0.57599999999999962      -0.17475237710068561     
 -0.55199999999999960      -0.23086396316785487     
 -0.52799999999999958      -0.28380412170259922     
 -0.50399999999999956      -0.33280719745780241     
 -0.47999999999999954      -0.37715117308965945     
 -0.45599999999999952      -0.41617041384903242     
 -0.43199999999999950      -0.44926766213901992     
 -0.40799999999999947      -0.47592505468865220     
 -0.38399999999999945      -0.49571395150713893     
 -0.36000000000000032      -0.50830338622367133     
 -0.33600000000000030      -0.51346697147745457     
 -0.31200000000000028      -0.51108812022922989     
 -0.28800000000000026      -0.50116347369373504     
 -0.26400000000000023      -0.48380445847077491     
 -0.24000000000000021      -0.45923692877777461     
 -0.21600000000000019      -0.42779888383226816     
 -0.19200000000000017      -0.38993628476280423     
 -0.16800000000000015      -0.34619702930684987     
 -0.14400000000000013      -0.29722317536282161     
 -0.12000000000000011      -0.24374153560426901     
  -9.6000000000000085E-002 -0.18655279427684424     
  -7.2000000000000064E-002 -0.12651932346857644     
  -4.8000000000000043E-002  -6.4551899112269912E-002
  -2.4000000000000021E-002  -1.5955363501307363E-003
   0.0000000000000000        6.1385320659339125E-002
   2.4000000000000021E-002  0.12342200813269683     
   4.8000000000000043E-002  0.18355699795171695     
   7.2000000000000064E-002  0.24085914304024156     
   9.6000000000000085E-002  0.29443855893622167     
  0.12000000000000011       0.34346089394716611     
  0.14400000000000013       0.38716075076558770     
  0.16800000000000015       0.42485403689408302     
  0.19200000000000017       0.45594903939916609     
  0.21600000000000019       0.47995604102976025     
  0.24000000000000021       0.49649531920143214     
  0.26400000000000023       0.50530339631857657     
  0.28800000000000026       0.50623743890823147     
  0.31200000000000028       0.49927773356993327     
  0.33600000000000030       0.48452819928963414     
  0.36000000000000032       0.46221492769791156     
  0.38400000000000034       0.43268277485069262     
  0.40800000000000036       0.39639005956073858     
  0.43200000000000038       0.35390145371218135     
  0.45600000000000041       0.30587917887492860     
  0.48000000000000043       0.25307265045584743     
  0.50400000000000045       0.19630673517067967     
  0.52800000000000047       0.13646880942630418     
  0.55200000000000049        7.4494824944700597E-002
  0.57600000000000051        1.1354603363991328E-002
  0.60000000000000053       -5.1963406601964253E-002
  0.62400000000000055      -0.11446766774179803     
  0.64800000000000058      -0.17517914266829424     
  0.67199999999999971      -0.23314668547983733     
  0.69599999999999973      -0.28746199382066928     
  0.71999999999999975      -0.33727388566574584     
  0.74399999999999977      -0.38180167610172133     
  0.76799999999999979      -0.42034744381945588     
  0.79199999999999982      -0.45230699474221103     
  0.81599999999999984      -0.47717935090486563     
  0.83999999999999986      -0.49457461604544961     
  0.86399999999999988      -0.50422009500412346     
  0.88799999999999990      -0.50596457154404595     
  0.91199999999999992      -0.49978067818371064     
  0.93599999999999994      -0.48576532160891417     
  0.95999999999999996      -0.46413815774765410     
  0.98399999999999999      -0.43523814116825299     
   1.0080000000000000      -0.39951820362411167     
   1.0320000000000000      -0.35753814584934335     
   1.0560000000000000      -0.30995585465303810     
   1.0800000000000001      -0.25751698353237673     
   1.1040000000000001      -0.20104325901998438     
   1.1280000000000001      -0.14141959642629143     
   1.1520000000000001       -7.9580227200960599E-002
   1.1760000000000002       -1.6494055530457876E-002
   1.2000000000000002        4.6850526226465260E-002
   1.2240000000000002       0.10946112527283655     
   1.2480000000000002       0.17035689661718839     
   1.2720000000000002       0.22858390829435482     
   1.2960000000000003       0.28323008296529434     
   1.3200000000000003       0.33343948199262013     
   1.3440000000000003       0.37842570843790480     
   1.3680000000000003       0.41748421926845425     
   1.3920000000000003       0.45000335417796400     
   1.4160000000000004       0.47547390854964589     
   1.4400000000000004       0.49349710090666293     
   1.4640000000000004       0.50379081034656414     
   1.4880000000000004       0.50619398655031278     
   1.5120000000000005       0.50066916356874758     
   1.5360000000000005       0.48730303827282789     
   1.5600000000000005       0.46630510464451974     
   1.5840000000000005       0.43800436550928395     
   1.6080000000000005       0.40284417339327366     
   1.6320000000000006       0.36137528145819764     
   1.6560000000000006       0.31424721346705536     
   1.6799999999999997       0.26219808802669281     
   1.7039999999999997       0.20604305652753338     
   1.7279999999999998       0.14666153587920006     
   1.7519999999999998        8.4983435983807226E-002
   1.7759999999999998        2.1974597602553925E-002
   1.7999999999999998       -4.1378331390172746E-002
   1.8239999999999998      -0.10408334460021687     
   1.8479999999999999      -0.16515860872356999     
   1.8719999999999999      -0.22364783505983868     
   1.8959999999999999      -0.27863525033793179     
   1.9199999999999999      -0.32925993254865010     
   1.9440000000000000      -0.37472928743033168     
   1.9680000000000000      -0.41433145471524535     
   1.9920000000000000      -0.44744645000500188     
   2.0160000000000000      -0.47355586794067062     
   2.0400000000000009      -0.49225099485783508     
   2.0640000000000001      -0.50323920401562017     
   2.0880000000000010      -0.50634853337279739     
   2.1120000000000001      -0.50153037433203962     
   2.1360000000000010      -0.48886022944057289     
   2.1600000000000001      -0.46853652725909828     
   2.1840000000000011      -0.44087751301790629     
   2.2080000000000002      -0.40631626379382679     
   2.2319999999999993      -0.36539390629296525     
   2.2560000000000002      -0.31875114345257355     
   2.2799999999999994      -0.26711822254093981     
   2.3040000000000003      -0.21130350182266325     
   2.3279999999999994      -0.15218079478648305     
   2.3520000000000003       -9.0675690060866329E-002
   2.3759999999999994       -2.7751061169459121E-002
   2.4000000000000004        3.5608007046361176E-002
   2.4239999999999995        9.8409639385776820E-002
   2.4480000000000004       0.15967069724356417     
   2.4719999999999995       0.21843216852374894     
   2.4960000000000004       0.27377417962340139     
   2.5199999999999996       0.32483039451784534     
   2.5440000000000005       0.37080157557565918     
   2.5679999999999996       0.41096809385608357     
   2.5920000000000005       0.44470119308743400     
   2.6159999999999997       0.47147283103545473     
   2.6400000000000006       0.49086394423962570     
   2.6639999999999997       0.50257100677515520     
   2.6880000000000006       0.50641078040196974     
   2.7119999999999997       0.50232318177191149     
   2.7360000000000007       0.49037222183825740     
   2.7599999999999998       0.47074500278625725     
   2.7840000000000007       0.44374878820772051     
   2.8079999999999998       0.40980619240030436     
   2.8320000000000007       0.36944856411175708     
   2.8559999999999999       0.32330766830952046     
   2.8800000000000008       0.27210579619500302     
   2.9039999999999999       0.21664445828227658     
   2.9280000000000008       0.15779183753800216     
   2.9520000000000000        9.6469198985894886E-002
   2.9760000000000009        3.3636468511351859E-002
   3.0000000000000000       -2.9722793395656543E-002
   3.0240000000000009       -9.2616787752359334E-002
   3.0480000000000000      -0.15406100205489193     
   3.0720000000000010      -0.21309362109994467     
   3.0960000000000001      -0.26879058243449772     
   3.1200000000000010      -0.32028004077581812     
   3.1440000000000001      -0.36675601499627924     
   3.1680000000000010      -0.40749100406385580     
   3.1920000000000002      -0.44184737446867961     
   3.2160000000000011      -0.46928734089658414     
   3.2400000000000002      -0.48938138393064734     
   3.2639999999999993      -0.50181497302726386     
   3.2880000000000003      -0.50639348954059715     
   3.3119999999999994      -0.50304527274389310     
   3.3360000000000003      -0.49182274117644037     
   3.3599999999999994      -0.47290157177152548     
   3.3840000000000003      -0.44657794962172298     
   3.4079999999999995      -0.41326393143758489     
   3.4320000000000004      -0.37348099528139561     
   3.4559999999999995      -0.32785187754725625     
   3.4800000000000004      -0.27709082496762677     
   3.5039999999999996      -0.22199241423534016     
   3.5280000000000005      -0.16341911425035627     
   3.5519999999999996      -0.10228778568146515     
   3.5760000000000005       -3.9555329166638842E-002
   3.5999999999999996        2.3796293198714600E-002
   3.6240000000000006        8.6775428627013457E-002
   3.6479999999999997       0.14839625605943355     
   3.6720000000000006       0.20769421727132953     
   3.6959999999999997       0.26374111512078036     
   3.7200000000000006       0.31565964260965634     
   3.7439999999999998       0.36263711533628784     
   3.7680000000000007       0.40393819238852680     
   3.7919999999999998       0.43891638656008375     
   3.8160000000000007       0.46702418372389470     
   3.8399999999999999       0.48782161296719417     
   3.8640000000000008       0.50098313334320832     
   3.8879999999999999       0.50630272944430232     
   3.9120000000000008       0.50369713603865096     
   3.9359999999999999       0.49320714129805610     
   3.9600000000000009       0.47499694822016963     
   3.9840000000000000       0.44935160424324683     
   4.0080000000000009       0.41667253928976283     
   4.0320000000000000       0.37747128208383024     
   4.0560000000000009       0.33236145310234111     
   4.0800000000000001       0.28204915949550968     
   4.1040000000000010       0.22732194232591343     
   4.1280000000000001       0.16903644913554880     
   4.1520000000000010       0.10810502480240945     
   4.1760000000000002        4.5481430579914404E-002
   4.2000000000000011       -1.7854085141277416E-002
   4.2240000000000002       -8.0910130662296492E-002
   4.2479999999999993      -0.14269968921974269     
   4.2720000000000002      -0.20225556873797781     
   4.2959999999999994      -0.25864554125624184     
   4.3200000000000003      -0.31098693505444258     
   4.3439999999999994      -0.35846045106847757     
   4.3680000000000003      -0.40032298732823340     
   4.3919999999999995      -0.43591927067885972     
   4.4160000000000004      -0.46469211371550107     
   4.4399999999999995      -0.48619113638117062     
   4.4640000000000004      -0.50007981571006754     
   4.4879999999999995      -0.50614075336802777     
   4.5120000000000005      -0.50427907853856169     
   4.5359999999999996      -0.49452393289025193     
   4.5600000000000005      -0.47702801438224957     
   4.5839999999999996      -0.45206518704954801     
   4.6080000000000005      -0.42002619418271114     
   4.6319999999999997      -0.38141254200412938     
   4.6560000000000006      -0.33682864957990272     
   4.6799999999999997      -0.28697238784495632     
   4.7040000000000006      -0.23262415583391799     
   4.7279999999999998      -0.17463466510734041     
   4.7520000000000007      -0.11391162358326064     
   4.7759999999999998       -5.1405527211541693E-002
   4.8000000000000007        1.1905218106718260E-002
   4.8239999999999998        7.5029611468897264E-002
   4.8480000000000008       0.13697956906563191     
   4.8719999999999999       0.19678539061080708     
   4.8960000000000008       0.25351093801172098     
   4.9199999999999999       0.30626828868874417     
   4.9440000000000008       0.35423163417712650     
   4.9680000000000000       0.39665020645719251     
   4.9920000000000009       0.43286002967808462     
   5.0160000000000000       0.46229431332635362     
   5.0400000000000009       0.48449232415601606     
   5.0640000000000001       0.49910659800862978     
   5.0880000000000010       0.50590837863752214     
   5.1120000000000001       0.50479119840286979     
   5.1360000000000010       0.49577254478962185     
   5.1600000000000001       0.47899358666258274     
   5.1840000000000011       0.45471696454394739     
   5.2080000000000002       0.42332267950215280     
   5.2320000000000011       0.38530214500333021     
   5.2560000000000002       0.34125049483158376     
   5.2799999999999994       0.29185726748195961     
   5.3040000000000003       0.23789561284294625     
   5.3279999999999994       0.18021019011580147     
   5.3520000000000003       0.11970394640395976     
   5.3759999999999994        5.7323982926597052E-002
   5.4000000000000004       -5.9532699083124172E-003
   5.4239999999999995       -6.9137336517660269E-002
   5.4480000000000004      -0.13123920000386330     
   5.4719999999999995      -0.19128678318152698     
   5.4960000000000004      -0.24834016444651061     
   5.5199999999999996      -0.30150629031442711     
   5.5440000000000005      -0.34995295433409562     
   5.5679999999999996      -0.39292182356496574     
   5.5920000000000005      -0.42974030871594721     
   5.6159999999999997      -0.45983209214313692     
   5.6400000000000006      -0.48272614891246740     
   5.6639999999999997      -0.49806411972122566     
   5.6880000000000006      -0.50560592027066564     
   5.7119999999999997      -0.50523349928664185     
   5.7360000000000007      -0.49695268636432921     
   5.7599999999999998      -0.48089310071292007     
   5.7840000000000007      -0.45730612222882183     
   5.8079999999999998      -0.42656095665613342     
   5.8320000000000007      -0.38913885642627111     
   5.8559999999999999      -0.34562558763771722     
   5.8800000000000008      -0.29670226108983583     
   5.9039999999999999      -0.24313467089211935     
   5.9280000000000008      -0.18576130753102951     
   5.9520000000000000      -0.12548023302520092     
   5.9760000000000009       -6.3235023611465921E-002
