  -6.0000000000000000        30046499010.540932     
  -5.9760000000000000        27994386080.680763     
  -5.9520000000000000        26082813671.299477     
  -5.9279999999999999        24302133134.751499     
  -5.9039999999999999        22643359701.005291     
  -5.8799999999999999        21098126708.298733     
  -5.8559999999999999        19658642994.964684     
  -5.8319999999999999        18317653233.732437     
  -5.8079999999999998        17068401004.961443     
  -5.7839999999999998        15904594419.366657     
  -5.7599999999999998        14820374113.916080     
  -5.7359999999999998        13810283456.795658     
  -5.7119999999999997        12869240808.701258     
  -5.6879999999999997        11992513698.294767     
  -5.6639999999999997        11175694779.506130     
  -5.6399999999999997        10414679447.522572     
  -5.6159999999999997        9705644998.8341026     
  -5.5919999999999996        9045031228.6378326     
  -5.5679999999999996        8429522366.2896681     
  -5.5439999999999996        7856030256.3635035     
  -5.5199999999999996        7321678699.2759142     
  -5.4960000000000004        6823788871.3868599     
  -5.4719999999999995        6359865750.0277967     
  -5.4480000000000004        5927585474.0659018     
  -5.4239999999999995        5524783575.4117174     
  -5.4000000000000004        5149444021.3460722     
  -5.3760000000000003        4799689011.6980391     
  -5.3520000000000003        4473769478.7773170     
  -5.3280000000000003        4170056241.5647469     
  -5.3040000000000003        3887031769.0175662     
  -5.2800000000000002        3623282510.4664412     
  -5.2560000000000002        3377491753.9852424     
  -5.2320000000000002        3148432976.3178363     
  -5.2080000000000002        2934963650.4624734     
  -5.1840000000000002        2736019479.3559418     
  -5.1600000000000001        2550609026.2799911     
  -5.1360000000000001        2377808714.6413155     
  -5.1120000000000001        2216758171.6654086     
  -5.0880000000000001        2066655892.3022077     
  -5.0640000000000001        1926755201.2784815     
  -5.0400000000000000        1796360492.7546852     
  -5.0160000000000000        1674823728.4623268     
  -4.9920000000000000        1561541176.5175397     
  -4.9680000000000000        1455950374.3354201     
  -4.9440000000000000        1357527300.2132137     
  -4.9199999999999999        1265783739.2152963     
  -4.8959999999999999        1180264829.9838076     
  -4.8719999999999999        1100546780.0215151     
  -4.8479999999999999        1026234737.8523099     
  -4.8239999999999998        956960811.26419771     
  -4.7999999999999998        892382221.58404398     
  -4.7759999999999998        832179584.62608659     
  -4.7519999999999998        776055309.60138988     
  -4.7279999999999998        723732107.87577283     
  -4.7039999999999997        674951604.02288771     
  -4.6799999999999997        629473042.13946724     
  -4.6559999999999997        587072080.87432194     
  -4.6319999999999997        547539671.07373405     
  -4.6079999999999997        510681010.36579472     
  -4.5839999999999996        476314569.39726073     
  -4.5600000000000005        444271184.80042827     
  -4.5359999999999996        414393214.30645841     
  -4.5120000000000005        386533749.73707139     
  -4.4879999999999995        360555883.90024579     
  -4.4640000000000004        336332027.68913472     
  -4.4399999999999995        313743273.93791872     
  -4.4160000000000004        292678804.82554024     
  -4.3919999999999995        273035339.83886105     
  -4.3680000000000003        254716621.51243418     
  -4.3439999999999994        237632936.35333392     
  -4.3200000000000003        221700668.53776252     
  -4.2960000000000003        206841884.13196334     
  -4.2720000000000002        192983943.74452096     
  -4.2480000000000002        180059141.66090670     
  -4.2240000000000002        168004369.64508533     
  -4.2000000000000002        156760803.71769890     
  -4.1760000000000002        146273612.33646739     
  -4.1520000000000001        136491684.51256615     
  -4.1280000000000001        127367376.49744067     
  -4.1040000000000001        118856275.76826002     
  -4.0800000000000001        110916981.12753366     
  -4.0560000000000000        103510897.81369939     
  -4.0320000000000000        96602046.595213935     
  -4.0080000000000000        90156885.891164303     
  -3.9840000000000000        84144146.027080104     
  -3.9600000000000000        78534674.795762986     
  -3.9359999999999999        73301293.549880967     
  -3.9119999999999999        68418663.106104866     
  -3.8879999999999999        63863158.789934017     
  -3.8639999999999999        59612753.996350951     
  -3.8399999999999999        55646911.684263662     
  -3.8159999999999998        51946483.262583755     
  -3.7919999999999998        48493614.362928353     
  -3.7679999999999998        45271657.028529994     
  -3.7439999999999998        42265087.881157435     
  -3.7199999999999998        39459431.857853420     
  -3.6959999999999997        36841191.137247145     
  -3.6720000000000002        34397778.901223131     
  -3.6480000000000001        32117457.601975031     
  -3.6240000000000001        29989281.427049953     
  -3.6000000000000001        28003042.676019859     
  -3.5760000000000001        26149221.782006595     
  -3.5520000000000000        24418940.729529362     
  -3.5280000000000000        22803919.637140386     
  -3.5040000000000000        21296436.289141323     
  -3.4800000000000000        19889288.415418584     
  -3.4560000000000000        18575758.532169454     
  -3.4319999999999999        17349581.169082526     
  -3.4079999999999999        16204912.320454439     
  -3.3839999999999999        15136300.968822872     
  -3.3599999999999999        14138662.540038120     
  -3.3359999999999999        13207254.158325532     
  -3.3119999999999998        12337651.578865845     
  -3.2879999999999998        11525727.683777364     
  -3.2639999999999998        10767632.435171522     
  -3.2399999999999998        10059774.186207118     
  -3.2159999999999997        9398802.2578253970     
  -3.1919999999999997        8781590.6951446794     
  -3.1680000000000001        8205223.1233569793     
  -3.1440000000000001        7666978.6284339884     
  -3.1200000000000001        7164318.5930395853     
  -3.0960000000000001        6694874.4227885632     
  -3.0720000000000001        6256436.1024102904     
  -3.0480000000000000        5846941.5254916809     
  -3.0240000000000000        5464466.5453101685     
  -3.0000000000000000        5107215.6978400042     
  -2.9760000000000000        4773513.5513453884     
  -2.9520000000000000        4461796.6400754554     
  -2.9279999999999999        4170605.9424670059     
  -2.9039999999999999        3898579.8669539709     
  -2.8799999999999999        3644447.7109917528     
  -2.8559999999999999        3407023.5612433357     
  -2.8319999999999999        3185200.6050523049     
  -2.8079999999999998        2977945.8253586446     
  -2.7839999999999998        2784295.0531045753     
  -2.7599999999999998        2603348.3529409231     
  -2.7359999999999998        2434265.7196869981     
  -2.7119999999999997        2276263.0645279288     
  -2.6879999999999997        2128608.4713599826     
  -2.6640000000000001        1990618.7050236356     
  -2.6400000000000001        1861655.9544032824     
  -2.6160000000000001        1741124.7945268457     
  -2.5920000000000001        1628469.3528745885     
  -2.5680000000000001        1523170.6661092867     
  -2.5440000000000000        1424744.2143743017     
  -2.5200000000000000        1332737.6211772540     
  -2.4960000000000000        1246728.5076886585     
  -2.4720000000000000        1166322.4910415048     
  -2.4480000000000000        1091151.3169229210     
  -2.4239999999999999        1020871.1174062948     
  -2.3999999999999999        955160.78558482276     
  -2.3759999999999999        893720.45913844346     
  -2.3519999999999999        836270.10549831251     
  -2.3279999999999998        782548.20176907897     
  -2.3039999999999998        732310.50303160166     
  -2.2799999999999998        685328.89307981194     
  -2.2559999999999998        641390.31204719376     
  -2.2319999999999998        600295.75575290399     
  -2.2079999999999997        561859.34194669721     
  -2.1839999999999997        525907.43895729736     
  -2.1600000000000001        492277.85255226487     
  -2.1360000000000001        460819.06710027839     
  -2.1120000000000001        431389.53739043721     
  -2.0880000000000001        403857.02770903026     
  -2.0640000000000001        378097.99500341335     
  -2.0400000000000000        353997.01317631401     
  -2.0160000000000000        331446.23575310246     
  -1.9920000000000000        310344.89435031207     
  -1.9680000000000000        290598.83054686204     
  -1.9440000000000000        272120.05892092054     
  -1.9199999999999999        254826.35916588060     
  -1.8959999999999999        238640.89533931686     
  -1.8719999999999999        223491.86042967238     
  -1.8479999999999999        209312.14454748872     
  -1.8239999999999998        196039.02516179543     
  -1.7999999999999998        183613.87790840966     
  -1.7759999999999998        171981.90659585650     
  -1.7519999999999998        161091.89112691581     
  -1.7279999999999998        150895.95213985984     
  -1.7039999999999997        141349.33125370881     
  -1.6799999999999997        132410.18587668074     
  -1.6559999999999997        124039.39760681850     
  -1.6319999999999997        116200.39331887786     
  -1.6079999999999997        108858.97809228025     
  -1.5839999999999996        101983.17919156232     
  -1.5599999999999996        95543.100363570571     
  -1.5359999999999996        89510.785764916232     
  -1.5119999999999996        83860.092879150354     
  -1.4879999999999995        78566.573825980377     
  -1.4639999999999995        73607.364504825397     
  -1.4399999999999995        68961.081052296664     
  -1.4159999999999995        64607.723127974248     
  -1.3919999999999995        60528.583575295881     
  -1.3680000000000003        56706.164034642774     
  -1.3440000000000003        53124.096113937994     
  -1.3200000000000003        49767.067748416339     
  -1.2960000000000003        46620.754405787520     
  -1.2720000000000002        43671.754815939326     
  -1.2480000000000002        40907.530925706058     
  -1.2240000000000002        38316.351799172749     
  -1.2000000000000002        35887.241202590922     
  -1.1760000000000002        33609.928630337046     
  -1.1520000000000001        31474.803544533537     
  -1.1280000000000001        29472.872616051522     
  -1.1040000000000001        27595.719768698356     
  -1.0800000000000001        25835.468841527181     
  -1.0560000000000000        24184.748696454102     
  -1.0320000000000000        22636.660609790015     
  -1.0080000000000000        21184.747796942138     
 -0.98399999999999999        19822.966929466929     
 -0.95999999999999996        18545.661512908613     
 -0.93599999999999994        17347.537002480218     
 -0.91199999999999992        16223.637541678843     
 -0.88799999999999990        15169.324216412673     
 -0.86399999999999988        14180.254724190816     
 -0.83999999999999986        13252.364364423502     
 -0.81599999999999984        12381.848261931496     
 -0.79199999999999982        11565.144741402204     
 -0.76799999999999979        10798.919775785123     
 -0.74399999999999977        10080.052436520087     
 -0.71999999999999975        9405.6212780668648     
 -0.69599999999999973        8772.8915934803517     
 -0.67199999999999971        8179.3034817798280     
 -0.64799999999999969        7622.4606716192156     
 -0.62399999999999967        7100.1200493043862     
 -0.59999999999999964        6610.1818425485772     
 -0.57599999999999962        6150.6804145332335     
 -0.55199999999999960        5719.7756258729496     
 -0.52799999999999958        5315.7447249925917     
 -0.50399999999999956        4936.9747302333944     
 -0.47999999999999954        4581.9552697313602     
 -0.45599999999999952        4249.2718477711742     
 -0.43199999999999950        3937.5995089236694     
 -0.40799999999999947        3645.6968738306959     
 -0.38399999999999945        3372.4005230091971     
 -0.36000000000000032        3116.6197074998122     
 -0.33600000000000030        2877.3313675717891     
 -0.31200000000000028        2653.5754429951935     
 -0.28800000000000026        2444.4504605751918     
 -0.26400000000000023        2249.1093866799456     
 -0.24000000000000021        2066.7557343438480     
 -0.21600000000000019        1896.6399161525967     
 -0.19200000000000017        1738.0558354754994     
 -0.16800000000000015        1590.3377096677059     
 -0.14400000000000013        1452.8571195916149     
 -0.12000000000000011        1325.0202801843116     
  -9.6000000000000085E-002   1206.2655268218696     
  -7.2000000000000064E-002   1096.0610119131779     
  -4.8000000000000043E-002   993.90260552444806     
  -2.4000000000000021E-002   899.31199293701752     
   0.0000000000000000        811.83496093750000     
   2.4000000000000021E-002   731.03986340584731     
   4.8000000000000043E-002   656.51625548710877     
   7.2000000000000064E-002   587.87368439369698     
   9.6000000000000085E-002   524.74062377147516     
  0.12000000000000011        466.76353765160400     
  0.14400000000000013        413.60605936413197     
  0.16800000000000015        364.94827045473750     
  0.19200000000000017        320.48606464879367     
  0.21600000000000019        279.93058225193590     
  0.24000000000000021        243.00770104820401     
  0.26400000000000023        209.45757072215582     
  0.28800000000000026        179.03417904208112     
  0.31200000000000028        151.50493943922254     
  0.33600000000000030        126.65029113878325     
  0.36000000000000032        104.26330457744496     
  0.38400000000000034        84.149286417254359     
  0.40800000000000036        66.125379981646915     
  0.43200000000000038        50.020158349709163     
  0.45600000000000041        35.673208613595648     
  0.48000000000000043        22.934706906496160     
  0.50400000000000045        11.664984730635581     
  0.52800000000000047        1.7340878522699654     
  0.55200000000000049       -6.9786704121994774     
  0.57600000000000051       -14.585159306961089     
  0.60000000000000053       -21.188881697604074     
  0.62400000000000055       -26.885423534207121     
  0.64800000000000058       -31.762899180459698     
  0.67199999999999971       -35.902390175106348     
  0.69599999999999973       -39.378375164617239     
  0.71999999999999975       -42.259148969244777     
  0.74399999999999977       -44.607229001117744     
  0.76799999999999979       -46.479747527681226     
  0.79199999999999982       -47.928828554031128     
  0.81599999999999984       -49.001948373372016     
  0.83999999999999986       -49.742279098128165     
  0.86399999999999988       -50.189014729434973     
  0.88799999999999990       -50.377679545959822     
  0.91199999999999992       -50.340418791939769     
  0.93599999999999994       -50.106271817962501     
  0.95999999999999996       -49.701427976360826     
  0.98399999999999999       -49.149465696940922     
   1.0080000000000000       -48.471575269475387     
   1.0320000000000000       -47.686765938728762     
   1.0560000000000000       -46.812057977729268     
   1.0800000000000001       -45.862660447674195     
   1.1040000000000001       -44.852135380380012     
   1.1280000000000001       -43.792549133649246     
   1.1520000000000001       -42.694611673296407     
   1.1760000000000002       -41.567804529697284     
   1.2000000000000002       -40.420498163280065     
   1.2240000000000002       -39.260059453873140     
   1.2480000000000002       -38.092950004603885     
   1.2720000000000002       -36.924815923273727     
   1.2960000000000003       -35.760569713828744     
   1.3200000000000003       -34.604464878561394     
   1.3440000000000003       -33.460163798741490     
   1.3680000000000003       -32.330799428081193     
   1.3920000000000003       -31.219031300281809     
   1.4160000000000004       -30.127096319277506     
   1.4400000000000004       -29.056854768996001     
   1.4640000000000004       -28.009831948730067     
   1.4880000000000004       -26.987255810734041     
   1.5120000000000005       -25.990090948546108     
   1.5360000000000005       -25.019069257870541     
   1.5600000000000005       -24.074717566677023     
   1.5840000000000005       -23.157382507501008     
   1.6080000000000005       -22.267252882751862     
   1.6320000000000006       -21.404379753126356     
   1.6560000000000006       -20.568694459943938     
   1.6799999999999997       -19.760024774315120     
   1.7039999999999997       -18.978109349466301     
   1.7279999999999998       -18.222610637210632     
   1.7519999999999998       -17.493126415404674     
   1.7759999999999998       -16.789200060200823     
   1.7999999999999998       -16.110329684921940     
   1.8239999999999998       -15.455976256382497     
   1.8479999999999999       -14.825570789391858     
   1.8719999999999999       -14.218520710935891     
   1.8959999999999999       -13.634215477081284     
   1.9199999999999999       -13.072031517923444     
   1.9440000000000000       -12.531336578848030     
   1.9680000000000000       -12.011493519945194     
   1.9920000000000000       -11.511863629554696     
   2.0160000000000000       -11.031809502583361     
   2.0400000000000009       -10.570697529379766     
   2.0640000000000001       -10.127900036535479     
   2.0880000000000010       -9.7027971169686786     
   2.1120000000000001       -9.2947781830026877     
   2.1360000000000010       -8.9032432728424684     
   2.1600000000000001       -8.5276041378534444     
   2.1840000000000011       -8.1672851353244642     
   2.2080000000000002       -7.8217239489332036     
   2.2319999999999993       -7.4903721568976938     
   2.2560000000000002       -7.1726956657774998     
   2.2799999999999994       -6.8681750260581014     
   2.3040000000000003       -6.5763056439974816     
   2.3279999999999994       -6.2965979027193306     
   2.3520000000000003       -6.0285772041842351     
   2.3759999999999994       -5.7717839424512727     
   2.4000000000000004       -5.5257734175389652     
   2.4239999999999995       -5.2901156982016202     
   2.4480000000000004       -5.0643954410390819     
   2.4719999999999995       -4.8482116725507547     
   2.4960000000000004       -4.6411775400153221     
   2.5199999999999996       -4.4429200364228514     
   2.5440000000000005       -4.2530797040947306     
   2.5679999999999996       -4.0713103210969965     
   2.5920000000000005       -3.8972785740744476     
   2.6159999999999997       -3.7306637207052842     
   2.6400000000000006       -3.5711572445901774     
   2.6639999999999997       -3.4184625050454991     
   2.6880000000000006       -3.2722943839601690     
   2.7119999999999997       -3.1323789315992685     
   2.7360000000000007       -2.9984530129889384     
   2.7599999999999998       -2.8702639562962124     
   2.7840000000000007       -2.7475692044187534     
   2.8079999999999998       -2.6301359708237353     
   2.8320000000000007       -2.5177409005171585     
   2.8559999999999999       -2.4101697368856061     
   2.8800000000000008       -2.3072169950276131     
   2.9039999999999999       -2.2086856420821079     
   2.9280000000000008       -2.1143867849632927     
   2.9520000000000000       -2.0241393658255435     
   2.9760000000000009       -1.9377698655054241     
   3.0000000000000000       -1.8551120151214262     
   3.0240000000000009       -1.7760065159529361     
   3.0480000000000000       -1.7003007676690058     
   3.0720000000000010       -1.6278486049323486     
   3.0960000000000001       -1.5585100423655023     
   3.1200000000000010       -1.4921510278321477     
   3.1440000000000001       -1.4286432039580226     
   3.1680000000000010       -1.3678636777908637     
   3.1920000000000002       -1.3096947984781317     
   3.2160000000000011       -1.2540239428233801     
   3.2400000000000002       -1.2007433085677084     
   3.2639999999999993       -1.1497497152304272     
   3.2880000000000003       -1.1009444123335448     
   3.3119999999999994       -1.0542328948268556     
   3.3360000000000003       -1.0095247255245361     
   3.3599999999999994      -0.96673336435999446     
   3.3840000000000003      -0.92577600426260354     
   3.4079999999999995      -0.88657341345851082     
   3.4320000000000004      -0.84904978399688769     
   3.4559999999999995      -0.81313258630348784     
   3.4800000000000004      -0.77875242956431256     
   3.5039999999999996      -0.74584292774415328     
   3.5280000000000005      -0.71434057104700288     
   3.5519999999999996      -0.68418460262836145     
   3.5760000000000005      -0.65531690037262180     
   3.5999999999999996      -0.62768186355250999     
   3.6240000000000006      -0.60122630419136280     
   3.6479999999999997      -0.57589934295331602     
   3.6720000000000006      -0.55165230939071463     
   3.6959999999999997      -0.52843864638266302     
   3.7200000000000006      -0.50621381860311354     
   3.7439999999999998      -0.48493522486166646     
   3.7680000000000007      -0.46456211416485044     
   3.7919999999999998      -0.44505550535047345     
   3.8160000000000007      -0.42637811015224497     
   3.8399999999999999      -0.40849425955664798     
   3.8640000000000008      -0.39136983331858960     
   3.8879999999999999      -0.37497219250703084     
   3.9120000000000008      -0.35927011495622480     
   3.9359999999999999      -0.34423373350271369     
   3.9600000000000009      -0.32983447689249806     
   3.9840000000000000      -0.31604501324713757     
   4.0080000000000009      -0.30283919598160508     
   4.0320000000000000      -0.29019201207085904     
   4.0560000000000009      -0.27807953256596124     
   4.0800000000000001      -0.26647886526447734     
   4.1040000000000010      -0.25536810944355565     
   4.1280000000000001      -0.24472631256775215     
   4.1520000000000010      -0.23453342888711590     
   4.1760000000000002      -0.22477027984448786     
   4.2000000000000011      -0.21541851621419400     
   4.2240000000000002      -0.20646058189752728     
   4.2479999999999993      -0.19787967930342454     
   4.2720000000000002      -0.18965973624573329     
   4.2959999999999994      -0.18178537429128264     
   4.3200000000000003      -0.17424187849571476     
   4.3439999999999994      -0.16701516846669220     
   4.3680000000000003      -0.16009177069660416     
   4.3919999999999995      -0.15345879210937441     
   4.4160000000000004      -0.14710389476828831     
   4.4399999999999995      -0.14101527169404701     
   4.4640000000000004      -0.13518162374439804     
   4.4879999999999995      -0.12959213750880175     
   4.5120000000000005      -0.12423646417356737     
   4.5359999999999996      -0.11910469931484205     
   4.5600000000000005      -0.11418736357864372     
   4.5839999999999996      -0.10947538420893356     
   4.6080000000000005      -0.10496007738638097     
   4.6319999999999997      -0.10063313134212998     
   4.6560000000000006       -9.6486590212406229E-002
   4.6799999999999997       -9.2512838601317440E-002
   4.7040000000000006       -8.8704586820607792E-002
   4.7279999999999998       -8.5054856776515489E-002
   4.7520000000000007       -8.1556968475173089E-002
   4.7759999999999998       -7.8204527119263165E-002
   4.8000000000000007       -7.4991410769825462E-002
   4.8239999999999998       -7.1911758548276750E-002
   4.8480000000000008       -6.8959959354789269E-002
   4.8719999999999999       -6.6130641080240540E-002
   4.8960000000000008       -6.3418660289939907E-002
   4.9199999999999999       -6.0819092358313419E-002
   4.9440000000000008       -5.8327222034637104E-002
   4.9680000000000000       -5.5938534420801787E-002
   4.9920000000000009       -5.3648706342923007E-002
   5.0160000000000000       -5.1453598099426699E-002
   5.0400000000000009       -4.9349245568999979E-002
   5.0640000000000001       -4.7331852662543687E-002
   5.0880000000000010       -4.5397784103956673E-002
   5.1120000000000001       -4.3543558525264335E-002
   5.1360000000000010       -4.1765841862237738E-002
   5.1600000000000001       -4.0061441037273424E-002
   5.1840000000000011       -3.8427297916882153E-002
   5.2080000000000002       -3.6860483531705554E-002
   5.2320000000000011       -3.5358192547506655E-002
   5.2560000000000002       -3.3917737976102529E-002
   5.2799999999999994       -3.2536546115688299E-002
   5.3040000000000003       -3.1212151710476414E-002
   5.3279999999999994       -2.9942193320019593E-002
   5.3520000000000003       -2.8724408889011517E-002
   5.3759999999999994       -2.7556631508772859E-002
   5.4000000000000004       -2.6436785362014017E-002
   5.4239999999999995       -2.5362881842844381E-002
   5.4480000000000004       -2.4333015844348691E-002
   5.4719999999999995       -2.3345362206397501E-002
   5.4960000000000004       -2.2398172316676492E-002
   5.5199999999999996       -2.1489770858237188E-002
   5.5440000000000005       -2.0618552697162312E-002
   5.5679999999999996       -1.9782979904227081E-002
   5.5920000000000005       -1.8981578904704317E-002
   5.6159999999999997       -1.8212937750724391E-002
   5.6400000000000006       -1.7475703510843790E-002
   5.6639999999999997       -1.6768579771716079E-002
   5.6880000000000006       -1.6090324246981043E-002
   5.7119999999999997       -1.5439746488706906E-002
   5.7360000000000007       -1.4815705696922974E-002
   5.7599999999999998       -1.4217108622979853E-002
   5.7840000000000007       -1.3642907562659347E-002
   5.8079999999999998       -1.3092098435138850E-002
   5.8320000000000007       -1.2563718944083511E-002
   5.8559999999999999       -1.2056846817306177E-002
   5.8800000000000008       -1.1570598121589039E-002
   5.9039999999999999       -1.1104125649413328E-002
   5.9280000000000008       -1.0656617374483691E-002
   5.9520000000000000       -1.0227294973072920E-002
   5.9760000000000009       -9.8154124083409556E-003
