  -6.0000000000000000       -2.9160747878060761E-266
  -5.9760000000000000        4.4751074558648893E-262
  -5.9520000000000000        7.1268047785148363E-258
  -5.9279999999999999        7.5363976937832006E-254
  -5.9039999999999999        5.4439365983710669E-251
  -5.8799999999999999        6.5330062587818255E-247
  -5.8559999999999999        2.3778136475686750E-243
  -5.8319999999999999       -2.0569098215436955E-238
  -5.8079999999999998        4.2246057759568554E-235
  -5.7839999999999998        3.7793688472221001E-231
  -5.7599999999999998        4.5824622055803399E-227
  -5.7359999999999998        1.3959800205459273E-223
  -5.7119999999999997        9.8207059523406284E-220
  -5.6879999999999997        6.5884447136429430E-217
  -5.6639999999999997        1.4981419879872172E-212
  -5.6399999999999997       -2.7758833972859114E-209
  -5.6159999999999997        1.2725704697531492E-205
  -5.5919999999999996       -2.2751924569098323E-202
  -5.5679999999999996       -3.6216219852760200E-199
  -5.5439999999999996        5.2766630163711623E-195
  -5.5199999999999996        1.0356102070069067E-191
  -5.4960000000000004        8.8433390355788583E-189
  -5.4719999999999995       -1.0932859787659616E-184
  -5.4480000000000004        2.2701800503560114E-181
  -5.4239999999999995       -3.4541154057850161E-179
  -5.4000000000000004       -8.5892740791295223E-176
  -5.3760000000000003       -5.6896198870367068E-172
  -5.3520000000000003        2.6978880010593868E-168
  -5.3280000000000003        2.4672115057291141E-166
  -5.3040000000000003        2.2639426856017759E-162
  -5.2800000000000002       -3.6996580203830205E-159
  -5.2560000000000002       -2.6751045305199119E-156
  -5.2320000000000002        5.5284303307751511E-154
  -5.2080000000000002       -1.0561383491356627E-150
  -5.1840000000000002        9.5876312192607648E-147
  -5.1600000000000001       -4.7693111634212715E-144
  -5.1360000000000001        2.2188582143471439E-141
  -5.1120000000000001       -3.9729992283686079E-138
  -5.0880000000000001        7.7012063169919845E-136
  -5.0640000000000001       -7.7084480807139100E-133
  -5.0400000000000000       -5.5556029503585123E-130
  -5.0160000000000000       -1.7424090581159180E-127
  -4.9920000000000000       -3.6519393227969836E-124
  -4.9680000000000000       -1.1419232040932606E-121
  -4.9440000000000000        1.1331317688262445E-119
  -4.9199999999999999       -9.8606650431365193E-117
  -4.8959999999999999       -1.6945726108690643E-113
  -4.8719999999999999        4.7592257138028557E-111
  -4.8479999999999999       -4.5686959544676623E-109
  -4.8239999999999998        2.7429583291845341E-106
  -4.7999999999999998       -2.8978502064090270E-103
  -4.7759999999999998       -2.2529151944779307E-101
  -4.7519999999999998        2.2620133494520810E-098
  -4.7279999999999998       -2.3689044340084895E-096
  -4.7039999999999997       -6.2358080556006114E-094
  -4.6799999999999997       -8.9728799335815945E-092
  -4.6559999999999997       -3.3352500484984132E-089
  -4.6319999999999997       -3.1460868052035376E-087
  -4.6079999999999997       -3.8719297605763235E-085
  -4.5839999999999996        1.7688359003117337E-082
  -4.5600000000000005        3.7609314876236066E-080
  -4.5359999999999996        6.5490969735662413E-078
  -4.5120000000000005        1.7555568719996382E-075
  -4.4879999999999995        2.1198229669984342E-075
  -4.4640000000000004       -8.9297903205799170E-072
  -4.4399999999999995        2.1769668722113665E-070
  -4.4160000000000004       -3.2194495743413233E-068
  -4.3919999999999995       -2.0091124749445284E-065
  -4.3680000000000003       -5.2973789772944699E-064
  -4.3439999999999994       -5.8685793675299162E-062
  -4.3200000000000003       -9.5700973415422955E-060
  -4.2960000000000003        4.4583791335522766E-058
  -4.2720000000000002        4.3948377647475883E-056
  -4.2480000000000002       -8.8320541978862096E-055
  -4.2240000000000002        8.2286482406461767E-055
  -4.2000000000000002        4.5252971885232262E-051
  -4.1760000000000002       -6.5271602499900900E-051
  -4.1520000000000001       -1.2619584994239420E-047
  -4.1280000000000001        3.8552185671416345E-046
  -4.1040000000000001       -1.0001905249996826E-044
  -4.0800000000000001        3.7081059013178933E-043
  -4.0560000000000000        4.8080809466452542E-041
  -4.0320000000000000        8.1906884547550178E-040
  -4.0080000000000000        1.0135510653938979E-038
  -3.9840000000000000        3.6050714409109514E-037
  -3.9600000000000000        4.9029704531935411E-036
  -3.9359999999999999       -9.7375403593187672E-036
  -3.9119999999999999       -2.1740201043769395E-033
  -3.8879999999999999        1.2103218489675444E-031
  -3.8639999999999999        4.1622803825738378E-031
  -3.8399999999999999       -1.4441304321104230E-029
  -3.8159999999999998        2.2861612403124328E-028
  -3.7919999999999998        4.8029589500214784E-027
  -3.7679999999999998        5.5195256909031416E-026
  -3.7439999999999998        1.0487048224824393E-024
  -3.7199999999999998        5.0542021307037039E-024
  -3.6959999999999997        4.0487319710768039E-023
  -3.6720000000000002        4.6990646408433262E-022
  -3.6480000000000001        4.9340153211920178E-022
  -3.6240000000000001       -5.1328418887228371E-021
  -3.6000000000000001        2.7865768692407833E-020
  -3.5760000000000001       -3.1655385970429250E-020
  -3.5520000000000000       -2.1851223257192523E-018
  -3.5280000000000000       -1.5277040322152734E-018
  -3.5040000000000000        1.5460925617577585E-017
  -3.4800000000000000        1.0146033776042641E-016
  -3.4560000000000000        1.1082514990067806E-016
  -3.4319999999999999        3.1565448141080899E-017
  -3.4079999999999999        6.9956218347913640E-016
  -3.3839999999999999        1.2711259009166197E-016
  -3.3599999999999999       -1.2430412397792439E-016
  -3.3359999999999999        3.6423072540757398E-016
  -3.3119999999999998       -3.2629133971084489E-016
  -3.2879999999999998       -1.0088085888669602E-015
  -3.2639999999999998       -1.7331181323958946E-016
  -3.2399999999999998        7.6301881308820727E-016
  -3.2159999999999997        5.6179389550940682E-016
  -3.1919999999999997       -7.0340602238479944E-016
  -3.1680000000000001        7.6171600751476450E-017
  -3.1440000000000001        1.2488544467881242E-016
  -3.1200000000000001       -9.2266312049003105E-016
  -3.0960000000000001        1.9054126446679248E-016
  -3.0720000000000001       -1.4234085616702836E-015
  -3.0480000000000000       -1.3527936944904073E-015
  -3.0240000000000000       -4.6615126168532116E-015
  -3.0000000000000000       -1.6065680933093566E-014
  -2.9760000000000000       -4.9078655231903624E-014
  -2.9520000000000000       -1.6446486984048913E-013
  -2.9279999999999999       -5.1330953718636011E-013
  -2.9039999999999999       -1.5570952650893788E-012
  -2.8799999999999999       -4.5753933809401531E-012
  -2.8559999999999999       -1.2988104933461273E-011
  -2.8319999999999999       -3.5705189853370185E-011
  -2.8079999999999998       -9.5078364249223775E-011
  -2.7839999999999998       -2.4546669785715069E-010
  -2.7599999999999998       -6.1490603047322754E-010
  -2.7359999999999998       -1.4958175061495272E-009
  -2.7119999999999997       -3.5362292167110477E-009
  -2.6879999999999997       -8.1306497780644831E-009
  -2.6640000000000001       -1.8195264501883307E-008
  -2.6400000000000001       -3.9660468777638591E-008
  -2.6160000000000001       -8.4262639459046507E-008
  -2.5920000000000001       -1.7461995865509345E-007
  -2.5680000000000001       -3.5320832832366960E-007
  -2.5440000000000000       -6.9780707715790162E-007
  -2.5200000000000000       -1.3473761198923347E-006
  -2.4960000000000000       -2.5442832806020128E-006
  -2.4720000000000000       -4.7014491006436707E-006
  -2.4480000000000000       -8.5064151325166747E-006
  -2.4239999999999999       -1.5078608412419483E-005
  -2.3999999999999999       -2.6201098413959601E-005
  -2.3759999999999999       -4.4653693739908009E-005
  -2.3519999999999999       -7.4679859313438637E-005
  -2.3279999999999998       -1.2262494908523095E-004
  -2.3039999999999998       -1.9778665928704152E-004
  -2.2799999999999998       -3.1351915630084445E-004
  -2.2559999999999998       -4.8862855018811106E-004
  -2.2319999999999998       -7.4908769809180762E-004
  -2.2079999999999997       -1.1300812340940439E-003
  -2.1839999999999997       -1.6783660388525351E-003
  -2.1600000000000001       -2.4548974609913273E-003
  -2.1360000000000001       -3.5376277088001395E-003
  -2.1120000000000001       -5.0243312787477531E-003
  -2.0880000000000001       -7.0352557025821216E-003
  -2.0640000000000001       -9.7153382778625737E-003
  -2.0400000000000000       -1.3235676102420199E-002
  -2.0160000000000000       -1.7793894030521690E-002
  -1.9920000000000000       -2.3613030118063181E-002
  -1.9680000000000000       -3.0938557788920421E-002
  -1.9440000000000000       -4.0033194730160322E-002
  -1.9199999999999999       -5.1169215348681678E-002
  -1.8959999999999999       -6.4618089193135289E-002
  -1.8719999999999999       -8.0637411828711647E-002
  -1.8479999999999999       -9.9455273572152669E-002
  -1.8239999999999998      -0.12125241788301482     
  -1.7999999999999998      -0.14614276407183552     
  -1.7759999999999998      -0.17415309412702407     
  -1.7519999999999998      -0.20520291423749604     
  -1.7279999999999998      -0.23908567998843300     
  -1.7039999999999997      -0.27545270217514511     
  -1.6799999999999997      -0.31380111106675507     
  -1.6559999999999997      -0.35346723700449145     
  -1.6319999999999997      -0.39362665496277816     
  -1.6079999999999997      -0.43330193609065726     
  -1.5839999999999996      -0.47137885249245903     
  -1.5599999999999996      -0.50663140144894048     
  -1.5359999999999996      -0.53775556733412877     
  -1.5119999999999996      -0.56341124504192530     
  -1.4879999999999995      -0.58227123412994408     
  -1.4639999999999995      -0.59307570792087727     
  -1.4399999999999995      -0.59469009797829320     
  -1.4159999999999995      -0.58616394291794749     
  -1.3919999999999995      -0.56678796032846024     
  -1.3680000000000003      -0.53614643626183189     
  -1.3440000000000003      -0.49416200686592993     
  -1.3200000000000003      -0.44113004233148673     
  -1.2960000000000003      -0.37774013699436865     
  -1.2720000000000002      -0.30508265476193469     
  -1.2480000000000002      -0.22463886066500435     
  -1.2240000000000002      -0.13825386354894004     
  -1.2000000000000002       -4.8092370701913377E-002
  -1.1760000000000002        4.3421924179719351E-002
  -1.1520000000000001       0.13368167347978435     
  -1.1280000000000001       0.21998349570534800     
  -1.1040000000000001       0.29962474338946887     
  -1.0800000000000001       0.37000569121798171     
  -1.0560000000000000       0.42873298166943985     
  -1.0320000000000000       0.47371991041907130     
  -1.0080000000000000       0.50327907754524182     
 -0.98399999999999999       0.51620308248427960     
 -0.95999999999999996       0.51182929987804371     
 -0.93599999999999994       0.49008532888579776     
 -0.91199999999999992       0.45151243930099305     
 -0.88799999999999990       0.39726521411797971     
 -0.86399999999999988       0.32908657265985497     
 -0.83999999999999986       0.24925840779672276     
 -0.81599999999999984       0.16052913812786099     
 -0.79199999999999982        6.6020512639082846E-002
 -0.76799999999999979       -3.0883036667916752E-002
 -0.74399999999999977      -0.12665836434311645     
 -0.71999999999999975      -0.21777610266216857     
 -0.69599999999999973      -0.30083639959084002     
 -0.67199999999999971      -0.37270237545716911     
 -0.64799999999999969      -0.43062575265750147     
 -0.62399999999999967      -0.47235933508524147     
 -0.59999999999999964      -0.49625146987373708     
 -0.57599999999999962      -0.50131829661151617     
 -0.55199999999999960      -0.48729045178553188     
 -0.52799999999999958      -0.45463191358335919     
 -0.50399999999999956      -0.40452980199392613     
 -0.47999999999999954      -0.33885514379000359     
 -0.45599999999999952      -0.26009582067726600     
 -0.43199999999999950      -0.17126408990949549     
 -0.40799999999999947       -7.5782149541722257E-002
 -0.38399999999999945        2.2649831745341704E-002
 -0.36000000000000032       0.12019802909697472     
 -0.33600000000000030       0.21304586847121187     
 -0.31200000000000028       0.29754544971552638     
 -0.28800000000000026       0.37036333577890929     
 -0.26400000000000023       0.42861474047461745     
 -0.24000000000000021       0.46998057929257708     
 -0.21600000000000019       0.49280251278115667     
 -0.19200000000000017       0.49615198328264409     
 -0.16800000000000015       0.47987028782280255     
 -0.14400000000000013       0.44457789992279306     
 -0.12000000000000011       0.39165250271953944     
  -9.6000000000000085E-002  0.32317647327974919     
  -7.2000000000000064E-002  0.24185581032173262     
  -4.8000000000000043E-002  0.15091367261863306     
  -2.4000000000000021E-002   5.3962744192516454E-002
   0.0000000000000000       -4.5138478731317162E-002
   2.4000000000000021E-002 -0.14243971187371296     
   4.8000000000000043E-002 -0.23405701369417731     
   7.2000000000000064E-002 -0.31632863429574837     
   9.6000000000000085E-002 -0.38596227101431807     
  0.12000000000000011      -0.44016775465117525     
  0.14400000000000013      -0.47676977041999685     
  0.16800000000000015      -0.49429601887209418     
  0.19200000000000017      -0.49203721160587438     
  0.21600000000000019      -0.47007643401169918     
  0.24000000000000021      -0.42928664617744894     
  0.26400000000000023      -0.37129638280513783     
  0.28800000000000026      -0.29842500096862185     
  0.31200000000000028      -0.21359005832142236     
  0.33600000000000030      -0.12019053376796762     
  0.36000000000000032       -2.1970581788132264E-002
  0.38400000000000034        7.7130699124624683E-002
  0.40800000000000036       0.17313743599557505     
  0.43200000000000038       0.26219671818099272     
  0.45600000000000041       0.34073346559573214     
  0.48000000000000043       0.40559418739384401     
  0.50400000000000045       0.45417383707414566     
  0.52800000000000047       0.48452065073261624     
  0.55200000000000049       0.49541474211646491     
  0.57600000000000051       0.48641728533335354     
  0.60000000000000053       0.45788830079260989     
  0.62400000000000055       0.41097232437028025     
  0.64800000000000058       0.34755253290285615     
  0.67199999999999971       0.27017516882591158     
  0.69599999999999973       0.18194730197299633     
  0.71999999999999975        8.6412039167808541E-002
  0.74399999999999977       -1.2593800822749334E-002
  0.76799999999999979      -0.11109382456265193     
  0.79199999999999982      -0.20513181654083676     
  0.81599999999999984      -0.29093068501485375     
  0.83999999999999986      -0.36504421215418176     
  0.86399999999999988      -0.42449550950858622     
  0.88799999999999990      -0.46689661490889223     
  0.91199999999999992      -0.49054442550988392     
  0.93599999999999994      -0.49448911325302125     
  0.95999999999999996      -0.47857227526948515     
  0.98399999999999999      -0.44343328817422589     
   1.0080000000000000      -0.39048361292394396     
   1.0320000000000000      -0.32185008458660286     
   1.0560000000000000      -0.24028946727396300     
   1.0800000000000001      -0.14907770859192923     
   1.1040000000000001       -5.1878343934972773E-002
   1.1280000000000001        4.7404661981737699E-002
   1.1520000000000001       0.14478372437689885     
   1.1760000000000002       0.23634779941373024     
   1.2000000000000002       0.31841946391033160     
   1.2240000000000002       0.38770260503662241     
   1.2480000000000002       0.44141478896471459     
   1.2720000000000002       0.47739899325436841     
   1.2960000000000003       0.49421021694551720     
   1.3200000000000003       0.49117349157521850     
   1.3440000000000003       0.46841096509181657     
   1.3680000000000003       0.42683697276629290     
   1.3920000000000003       0.36812129481721617     
   1.4160000000000004       0.29462207795082179     
   1.4400000000000004       0.20929111608186121     
   1.4640000000000004       0.11555529524594033     
   1.4880000000000004        1.7178964595133329E-002
   1.5120000000000005       -8.1887239018716362E-002
   1.5360000000000005      -0.17766504174666217     
   1.5600000000000005      -0.26630828778242005     
   1.5840000000000005      -0.34425738378636606     
   1.6080000000000005      -0.40838223130448409     
   1.6320000000000006      -0.45610790833339315     
   1.6560000000000006      -0.48551805411371485     
   1.6799999999999997      -0.49543180672314086     
   1.7039999999999997      -0.48545120512402395     
   1.7279999999999998      -0.45597715334931960     
   1.7519999999999998      -0.40819330686248811     
   1.7759999999999998      -0.34401852911751790     
   1.7999999999999998      -0.26602982826364396     
   1.8239999999999998      -0.17735886912376514     
   1.8479999999999999       -8.1566216446896378E-002
   1.8719999999999999        1.7501640593273322E-002
   1.8959999999999999       0.11586674149388432     
   1.9199999999999999       0.20957938329118672     
   1.9440000000000000       0.29487671173171076     
   1.9680000000000000       0.36833380712936153     
   1.9920000000000000       0.42700119879754661     
   2.0160000000000000       0.46852328699137769     
   2.0400000000000009       0.49123291799232582     
   2.0640000000000001       0.49421831552830370     
   2.0880000000000010       0.47735968169778992     
   2.1120000000000001       0.44133399838966536     
   2.1360000000000010       0.38758783696576826     
   2.1600000000000001       0.31827926843921817     
   2.1840000000000011       0.23619120696951540     
   2.2080000000000002       0.14461966639894674     
   2.2319999999999993        4.7241416729982263E-002
   2.2560000000000002       -5.2033645543794922E-002
   2.2799999999999994      -0.14921948568944166     
   2.3040000000000003      -0.24041397434945089     
   2.3279999999999994      -0.32195556071728809     
   2.3520000000000003      -0.39057028487939749     
   2.3759999999999994      -0.44350322688803590     
   2.4000000000000004      -0.47862911505908257     
   2.4239999999999995      -0.49453765279655693     
   2.4480000000000004      -0.49059013833224580     
   2.4719999999999995      -0.46694510437782061     
   2.4960000000000004      -0.42455194854149281     
   2.5199999999999996      -0.36511281052159206     
   2.5440000000000005      -0.29101422695791956     
   2.5679999999999996      -0.20523130821426924     
   2.5920000000000005      -0.11120828456718730     
   2.6159999999999997       -1.2720217995635698E-002
   2.6400000000000006        8.6278568084265650E-002
   2.6639999999999997       0.18181325557270900     
   2.6880000000000006       0.27004812047162657     
   2.7119999999999997       0.34744053628615235     
   2.7360000000000007       0.41088320891748104     
   2.7599999999999998       0.45782893245804646     
   2.7840000000000007       0.48639285710650237     
   2.8079999999999998       0.49542816331914963     
   2.8320000000000007       0.48457210405524886     
   2.8559999999999999       0.45426056668614234     
   2.8800000000000008       0.40571057005675021     
   2.9039999999999999       0.34087139956739571     
   2.9280000000000008       0.26234634229730702     
   2.9520000000000000       0.17328816456543483     
   2.9760000000000009        7.7272528529250498E-002
   3.0000000000000000       -2.1845569866695176E-002
   3.0240000000000009      -0.12008657762259586     
   3.0480000000000000      -0.21350616188782318     
   3.0720000000000010      -0.29835357268790819     
   3.0960000000000001      -0.37122223303585422     
   3.1200000000000010      -0.42918651037400368     
   3.1440000000000001      -0.46991917811843092     
   3.1680000000000010      -0.49178485136913946     
   3.1920000000000002      -0.49390564547793936     
   3.2160000000000011      -0.47619642140276064     
   3.2400000000000002      -0.43936820284637207     
   3.2639999999999993      -0.38489962805420846     
   3.2880000000000003      -0.31497758252478497     
   3.3119999999999994      -0.23240939624095294     
   3.3360000000000003      -0.14051013068262172     
   3.3599999999999994       -4.2969480995752832E-002
   3.3840000000000003        5.6296362884523395E-002
   3.4079999999999995       0.15330194848557702     
   3.4320000000000004       0.24415257367331397     
   3.4559999999999995       0.32520065577394852     
   3.4800000000000004       0.39319217886693703     
   3.5039999999999996       0.44539733953661909     
   3.5280000000000005       0.47972014579566635     
   3.5519999999999996       0.49478256891108746     
   3.5760000000000005       0.48997986954584349     
   3.5999999999999996       0.46550487695692688     
   3.6240000000000006       0.42234024649800184     
   3.6479999999999997       0.36221900631559439     
   3.6720000000000006       0.28755497728519225     
   3.6959999999999997       0.20134585979156044     
   3.7200000000000006       0.10705287835375150     
   3.7439999999999998        8.4618162705680094E-003
   3.7680000000000007       -9.0468980370347049E-002
   3.7919999999999998      -0.18576752681484682     
   3.8160000000000007      -0.27360767123914087     
   3.8399999999999999      -0.35046271118933431     
   3.8640000000000008      -0.41324698731593790     
   3.8879999999999999      -0.45943976956023391     
   3.9120000000000008      -0.48718646189417675     
   3.9359999999999999      -0.49537306235655448     
   3.9600000000000009      -0.48367088890410892     
   3.9840000000000000      -0.45254977539603103     
   4.0080000000000009      -0.40325920792392622     
   4.0320000000000000      -0.33777815886258672     
   4.0560000000000009      -0.25873563277142014     
   4.0800000000000001      -0.16930511416500585     
   4.1040000000000010       -7.3077154983051298E-002
   4.1280000000000001        2.6084782743112597E-002
   4.1520000000000010       0.12419944124607409     
   4.1760000000000002       0.21732761070784476     
   4.2000000000000011       0.30173028470839253     
   4.2240000000000002       0.37401877765403141     
   4.2479999999999993       0.43129077712363673     
   4.2720000000000002       0.47124686877180672     
   4.2959999999999994       0.49228285543730310     
   4.3200000000000003       0.49355416394486035     
   4.3439999999999994       0.47500975374057325     
   4.3680000000000003       0.43739416597227160     
   4.3919999999999995       0.38221763075551696     
   4.4160000000000004       0.31169543279713646     
   4.4399999999999995       0.22865896979352118     
   4.4640000000000004       0.13644207452644336     
   4.4879999999999995        3.8747164715483652E-002
   4.5120000000000005       -6.0503405420087933E-002
   4.5359999999999996      -0.15732482380218674     
   4.5600000000000005      -0.24782980672764379     
   4.5839999999999996      -0.32838466940900801     
   4.6080000000000005      -0.39575521474919606     
   4.6319999999999997      -0.44723658306560304     
   4.6560000000000006      -0.48076184943187006     
   4.6799999999999997      -0.49498500856811795     
   4.7040000000000006      -0.48933501552474684     
   4.7279999999999998      -0.46403871248599438     
   4.7520000000000007      -0.42011172121004053     
   4.7759999999999998      -0.35931766676960702     
   4.8000000000000007      -0.28409736972264338     
   4.8239999999999998      -0.19747084957932026     
   4.8480000000000008      -0.10291607402954132     
   4.8719999999999999       -4.2293220286444312E-003
   4.8960000000000008        9.4627232977069833E-002
   4.9199999999999999       0.18968460030575657     
   4.9440000000000008       0.27712632298645945     
   4.9680000000000000       0.35344170461895097     
   4.9920000000000009       0.41556676024592276     
   5.0160000000000000       0.46100723220538747     
   5.0400000000000009       0.48793873200438886     
   5.0640000000000001       0.49527998762232534     
   5.0880000000000010       0.48273625544196463     
   5.1120000000000001       0.45081115386595133     
   5.1360000000000010       0.40078644351370357     
   5.1600000000000001       0.33467056580538873     
   5.1840000000000011       0.25511800605827401     
   5.2080000000000002       0.16532271858637021     
   5.2320000000000011        6.8889892677907849E-002
   5.2560000000000002       -3.0308792083582149E-002
   5.2799999999999994      -0.12829060980343676     
   5.3040000000000003      -0.22112169064825299     
   5.3279999999999994      -0.30507496169036363     
   5.3520000000000003      -0.37677978506177029     
   5.3759999999999994      -0.43335728559995174     
   5.4000000000000004      -0.47253593472028166     
   5.4239999999999995      -0.49274274994239198     
   5.4480000000000004      -0.49316644850429314     
   5.4719999999999995      -0.47379001951286093     
   5.4960000000000004      -0.43539140689354655     
   5.5199999999999996      -0.37951227572087765     
   5.5440000000000005      -0.30839611593061778     
   5.5679999999999996      -0.22489816848695213     
   5.5920000000000005      -0.13237079037736391     
   5.6159999999999997       -3.4528860913464000E-002
   5.6400000000000006        6.4699366863161203E-002
   5.6639999999999997       0.16132998150711397     
   5.6880000000000006       0.25148336311923680     
   5.7119999999999997       0.33153994609469084     
   5.7360000000000007       0.39828554095529828     
   5.7599999999999998       0.44904038074454433     
   5.7840000000000007       0.48176671090585299     
   5.8079999999999998       0.49515060302188146     
   5.8320000000000007       0.48865470767808344     
   5.8559999999999999       0.46253982847810826     
   5.8800000000000008       0.41785445103715607     
   5.9039999999999999       0.35639264735411208     
   5.9280000000000008       0.28062204565909821     
   5.9520000000000000       0.19358475767338032     
   5.9760000000000009        9.8775240950488910E-002
