  -6.0000000000000000        1.9694823533008913E-266
  -5.9760000000000000        3.6467966796098963E-262
  -5.9520000000000000        1.8147862957847014E-258
  -5.9279999999999999        5.8813888660294629E-255
  -5.9039999999999999        1.2964030744985211E-250
  -5.8799999999999999        8.6139624419046659E-247
  -5.8559999999999999        2.3074520926566445E-243
  -5.8319999999999999        6.0698540423175391E-239
  -5.8079999999999998        3.8715727275970623E-235
  -5.7839999999999998        2.6520437193384838E-231
  -5.7599999999999998        1.6687059517943674E-227
  -5.7359999999999998        1.6525028235331716E-224
  -5.7119999999999997        2.6697590128336024E-220
  -5.6879999999999997        1.3677518884263360E-216
  -5.6639999999999997        1.4102250245498468E-213
  -5.6399999999999997        3.2310420767810573E-211
  -5.6159999999999997        5.4905779425803031E-206
  -5.5919999999999996        1.3894012125792322E-202
  -5.5679999999999996        4.0682189562705790E-199
  -5.5439999999999996        2.3473178090060340E-196
  -5.5199999999999996        2.8344117592742623E-192
  -5.4960000000000004        1.0868325251121284E-188
  -5.4719999999999995        1.4601771896838466E-185
  -5.4480000000000004        1.8901900051705871E-182
  -5.4239999999999995        9.6186020575356870E-179
  -5.4000000000000004        1.9435552567202670E-175
  -5.3760000000000003       -1.0453709935085429E-172
  -5.3520000000000003        7.2156609793896000E-169
  -5.3280000000000003        6.2520165245840674E-166
  -5.3040000000000003        7.3846467979576526E-163
  -5.2800000000000002        9.0884735741069345E-160
  -5.2560000000000002        4.9647426046992750E-157
  -5.2320000000000002        1.5249455511067142E-153
  -5.2080000000000002        1.1254133638918054E-150
  -5.1840000000000002        1.4404047857149346E-147
  -5.1600000000000001        2.5376510630735493E-144
  -5.1360000000000001        1.2597667367719816E-141
  -5.1120000000000001        6.3534666473749842E-139
  -5.0880000000000001        1.0408007527956687E-135
  -5.0640000000000001        8.4182645874483090E-134
  -5.0400000000000000        1.3751265869381741E-130
  -5.0160000000000000        2.2433573423779433E-127
  -4.9920000000000000        5.1654907997198031E-125
  -4.9680000000000000        7.7989489993237380E-122
  -4.9440000000000000        2.2584147972713612E-119
  -4.9199999999999999        9.4373943122690775E-118
  -4.8959999999999999        4.6120132087010471E-114
  -4.8719999999999999        1.6935398552394266E-111
  -4.8479999999999999        8.9097167528656175E-109
  -4.8239999999999998        2.0997914780827429E-106
  -4.7999999999999998       -2.0973734249209318E-105
  -4.7759999999999998        4.1719001268128975E-101
  -4.7519999999999998        3.8376966233052935E-099
  -4.7279999999999998        3.6217011181391077E-096
  -4.7039999999999997        2.2423354360613593E-094
  -4.6799999999999997        2.1840495001405134E-092
  -4.6559999999999997        1.2718176403302761E-089
  -4.6319999999999997        2.5125247750384966E-087
  -4.6079999999999997        2.5429879664689098E-085
  -4.5839999999999996        4.7354478874140725E-083
  -4.5600000000000005        5.3312333718337571E-081
  -4.5359999999999996        1.4163550670602719E-078
  -4.5120000000000005        1.7067246617493373E-076
  -4.4879999999999995        1.4355345994341113E-074
  -4.4640000000000004        5.4738146481393811E-072
  -4.4399999999999995        2.8928183234910361E-071
  -4.4160000000000004        4.6458702127770739E-068
  -4.3919999999999995        6.4760520502862745E-066
  -4.3680000000000003        1.5001018868815016E-064
  -4.3439999999999994        1.0233913860381630E-062
  -4.3200000000000003        3.5291484685428985E-060
  -4.2960000000000003        1.1140543793893482E-058
  -4.2720000000000002        1.1004867262116137E-056
  -4.2480000000000002        8.4169411137265361E-055
  -4.2240000000000002        7.1750048471011515E-053
  -4.2000000000000002       -3.3486772011248236E-052
  -4.1760000000000002        1.1360537069356614E-049
  -4.1520000000000001        2.3924444039940765E-048
  -4.1280000000000001        1.4401420176226982E-046
  -4.1040000000000001        2.1707730316617779E-045
  -4.0800000000000001        5.7640673361085582E-044
  -4.0560000000000000        4.3444449109014995E-042
  -4.0320000000000000        2.3973923684274876E-040
  -4.0080000000000000        4.2831043261625327E-039
  -3.9840000000000000        2.1102856672554396E-037
  -3.9600000000000000        4.7379354008014943E-036
  -3.9359999999999999        6.1838005390683407E-035
  -3.9119999999999999        1.7765570370369062E-033
  -3.8879999999999999        4.1037417919702191E-032
  -3.8639999999999999        1.0982335484442224E-030
  -3.8399999999999999        6.0667067558306273E-030
  -3.8159999999999998        7.3414066988551553E-030
  -3.7919999999999998        1.8421768314444181E-027
  -3.7679999999999998        2.2638419529433296E-026
  -3.7439999999999998        3.3942729362777199E-025
  -3.7199999999999998        3.0134864677667951E-024
  -3.6959999999999997        3.1543046980044287E-023
  -3.6720000000000002        1.7236677623825547E-022
  -3.6480000000000001        1.0930477123221602E-021
  -3.6240000000000001        1.4606682263404249E-020
  -3.6000000000000001        9.8945429488563886E-020
  -3.5760000000000001        1.1326608273908591E-019
  -3.5520000000000000        1.6603833673865203E-018
  -3.5280000000000000        7.4896275192371436E-019
  -3.5040000000000000        6.7061735336598532E-018
  -3.4800000000000000        7.0507330142742419E-017
  -3.4560000000000000        3.2151065022545461E-017
  -3.4319999999999999        3.6193760591834065E-016
  -3.4079999999999999        2.5039222502813182E-016
  -3.3839999999999999       -2.8907232736159117E-017
  -3.3599999999999999        1.1827246957099306E-016
  -3.3359999999999999       -7.5834849639728623E-017
  -3.3119999999999998       -8.9887789454079471E-016
  -3.2879999999999998        5.9447471797834683E-016
  -3.2639999999999998       -1.4839978954813961E-015
  -3.2399999999999998       -5.3344751977107748E-017
  -3.2159999999999997        6.1288366145213253E-016
  -3.1919999999999997       -5.5737890530588614E-016
  -3.1680000000000001       -4.8237514911762560E-016
  -3.1440000000000001        1.6786203438635744E-016
  -3.1200000000000001        6.3580448817919433E-016
  -3.0960000000000001       -7.2424609682694158E-017
  -3.0720000000000001        1.8281873052836656E-015
  -3.0480000000000000       -1.2193517229898346E-015
  -3.0240000000000000        2.0534666945821688E-015
  -3.0000000000000000        9.9447661006809246E-016
  -2.9760000000000000       -4.3410751012089927E-016
  -2.9520000000000000        5.7854414969023451E-016
  -2.9279999999999999        9.8093998432084157E-016
  -2.9039999999999999        2.5024510958927536E-015
  -2.8799999999999999        5.0676028349828210E-015
  -2.8559999999999999        1.2750262082480902E-014
  -2.8319999999999999        3.4767173831545359E-014
  -2.8079999999999998        9.5708604861142907E-014
  -2.7839999999999998        2.4865191739458854E-013
  -2.7599999999999998        6.3230818010857610E-013
  -2.7359999999999998        1.5637880039324069E-012
  -2.7119999999999997        3.7623855253126346E-012
  -2.6879999999999997        8.8211416799032058E-012
  -2.6640000000000001        2.0142243328607305E-011
  -2.6400000000000001        4.4829021721079046E-011
  -2.6160000000000001        9.7337789917492069E-011
  -2.5920000000000001        2.0630776768232195E-010
  -2.5680000000000001        4.2718304833354297E-010
  -2.5440000000000000        8.6468755989105724E-010
  -2.5200000000000000        1.7121938287419029E-009
  -2.4960000000000000        3.3187835687397394E-009
  -2.4720000000000000        6.3011250313885733E-009
  -2.4480000000000000        1.1725803465091306E-008
  -2.4239999999999999        2.1400225071082034E-008
  -2.3999999999999999        3.8326918855706515E-008
  -2.3759999999999999        6.7398617439851352E-008
  -2.3519999999999999        1.1644059721974302E-007
  -2.3279999999999998        1.9774350851367158E-007
  -2.3039999999999998        3.3027505035850829E-007
  -2.2799999999999998        5.4281240574908472E-007
  -2.2559999999999998        8.7829914398082877E-007
  -2.2319999999999998        1.3997991126122666E-006
  -2.2079999999999997        2.1984931855951952E-006
  -2.1839999999999997        3.4042397825154620E-006
  -2.1600000000000001        5.1992919605421493E-006
  -2.1360000000000001        7.8358273953025542E-006
  -2.1120000000000001        1.1657995921259036E-005
  -2.0880000000000001        1.7129215958424559E-005
  -2.0640000000000001        2.4865448151721479E-005
  -2.0400000000000000        3.5675135531355039E-005
  -2.0160000000000000        5.0606417782294853E-005
  -1.9920000000000000        7.1002098264445879E-005
  -1.9680000000000000        9.8562663450225106E-005
  -1.9440000000000000        1.3541742488586500E-004
  -1.9199999999999999        1.8420357631322763E-004
  -1.8959999999999999        2.4815263842460015E-004
  -1.8719999999999999        3.3118340951785889E-004
  -1.8479999999999999        4.3800016307554896E-004
  -1.8239999999999998        5.7419444676518039E-004
  -1.7999999999999998        7.4634845713320627E-004
  -1.7759999999999998        9.6213760651565102E-004
  -1.7519999999999998        1.2304295807124836E-003
  -1.7279999999999998        1.5613769235222836E-003
  -1.7039999999999997        1.9664999926086997E-003
  -1.6799999999999997        2.4587570222949664E-003
  -1.6559999999999997        3.0525980128677053E-003
  -1.6319999999999997        3.7639992487012003E-003
  -1.6079999999999997        4.6104754313722436E-003
  -1.5839999999999996        5.6110666975033446E-003
  -1.5599999999999996        6.7862981687743023E-003
  -1.5359999999999996        8.1581101444903863E-003
  -1.5119999999999996        9.7497575830235318E-003
  -1.4879999999999995        1.1585678112602138E-002
  -1.4639999999999995        1.3691328447365992E-002
  -1.4399999999999995        1.6092989743408222E-002
  -1.4159999999999995        1.8817543093139631E-002
  -1.3919999999999995        2.1892217006044139E-002
  -1.3680000000000003        2.5344309342640644E-002
  -1.3440000000000003        2.9200886739811176E-002
  -1.3200000000000003        3.3488465075657045E-002
  -1.2960000000000003        3.8232674958767095E-002
  -1.2720000000000002        4.3457916581114898E-002
  -1.2480000000000002        4.9187008539181946E-002
  -1.2240000000000002        5.5440835400561425E-002
  -1.2000000000000002        6.2237998872389323E-002
  -1.1760000000000002        6.9594477414514605E-002
  -1.1520000000000001        7.7523299038792778E-002
  -1.1280000000000001        8.6034231851138426E-002
  -1.1040000000000001        9.5133496633410392E-002
  -1.0800000000000001       0.10482350543561163     
  -1.0560000000000000       0.11510262976571398     
  -1.0320000000000000       0.12596500153451740     
  -1.0080000000000000       0.13740034944693796     
 -0.98399999999999999       0.14939387303980861     
 -0.95999999999999996       0.16192615605950100     
 -0.93599999999999994       0.17497312036047810     
 -0.91199999999999992       0.18850602099722205     
 -0.88799999999999990       0.20249148268463868     
 -0.86399999999999988       0.21689157732394765     
 -0.83999999999999986       0.23166394183750405     
 -0.81599999999999984       0.24676193513286382     
 -0.79199999999999982       0.26213483262721649     
 -0.76799999999999979       0.27772805641145171     
 -0.74399999999999977       0.29348343882056199     
 -0.71999999999999975       0.30933951690495909     
 -0.69599999999999973       0.32523185506619040     
 -0.67199999999999971       0.34109339292994678     
 -0.64799999999999969       0.35685481537837177     
 -0.62399999999999967       0.37244494155112845     
 -0.59999999999999964       0.38779112954838896     
 -0.57599999999999962       0.40281969352715058     
 -0.55199999999999960       0.41745632987229941     
 -0.52799999999999958       0.43162654914337550     
 -0.50399999999999956       0.44525611054468112     
 -0.47999999999999954       0.45827145573734973     
 -0.45599999999999952       0.47060013890517549     
 -0.43199999999999950       0.48217125009895240     
 -0.40799999999999947       0.49291582901467096     
 -0.38399999999999945       0.50276726650724080     
 -0.36000000000000032       0.51166169130147510     
 -0.33600000000000030       0.51953833953466400     
 -0.31200000000000028       0.52633990494811012     
 -0.28800000000000026       0.53201286773777623     
 -0.26400000000000023       0.53650780027489686     
 -0.24000000000000021       0.53977964811524637     
 -0.21600000000000019       0.54178798492911917     
 -0.19200000000000017       0.54249724020199208     
 -0.16800000000000015       0.54187689877678125     
 -0.14400000000000013       0.53990167153102475     
 -0.12000000000000011       0.53655163670480821     
  -9.6000000000000085E-002  0.53181235161560325     
  -7.2000000000000064E-002  0.52567493471290694     
  -4.8000000000000043E-002  0.51813611813625682     
  -2.4000000000000021E-002  0.50919827114266825     
   0.0000000000000000       0.49886939496196381     
   2.4000000000000021E-002  0.48716308981818029     
   4.8000000000000043E-002  0.47409849502087326     
   7.2000000000000064E-002  0.45970020317917576     
   9.6000000000000085E-002  0.44399814972315166     
  0.12000000000000011       0.42702747902960542     
  0.14400000000000013       0.40882838854269166     
  0.16800000000000015       0.38944595235293156     
  0.19200000000000017       0.36892992575197403     
  0.21600000000000019       0.34733453231508349     
  0.24000000000000021       0.32471823508007719     
  0.26400000000000023       0.30114349339164748     
  0.28800000000000026       0.27667650696546375     
  0.31200000000000028       0.25138694869887540     
  0.33600000000000030       0.22534768771692318     
  0.36000000000000032       0.19863450409525163     
  0.38400000000000034       0.17132579664807795     
  0.40800000000000036       0.14350228511107838     
  0.43200000000000038       0.11524670798824349     
  0.45600000000000041        8.6643517269454920E-002
  0.48000000000000043        5.7778571163853515E-002
  0.50400000000000045        2.8738825933507628E-002
  0.52800000000000047       -3.8797214617502672E-004
  0.55200000000000049       -2.9513593728003058E-002
  0.57600000000000051       -5.8549631316989620E-002
  0.60000000000000053       -8.7407801305218996E-002
  0.62400000000000055      -0.11600024229049330     
  0.64800000000000058      -0.14423980889231652     
  0.67199999999999971      -0.17204036031606976     
  0.69599999999999973      -0.19931704295059885     
  0.71999999999999975      -0.22598656631570144     
  0.74399999999999977      -0.25196747170534006     
  0.76799999999999979      -0.27718039289954888     
  0.79199999999999982      -0.30154830834385071     
  0.81599999999999984      -0.32499678421972439     
  0.83999999999999986      -0.34745420785372810     
  0.86399999999999988      -0.36885201093676301     
  0.88799999999999990      -0.38912488204868684     
  0.91199999999999992      -0.40821096800787604     
  0.93599999999999994      -0.42605206358989767     
  0.95999999999999996      -0.44259378918515080     
  0.98399999999999999      -0.45778575599182925     
   1.0080000000000000      -0.47158171836809598     
   1.0320000000000000      -0.48393971299621230     
   1.0560000000000000      -0.49482218454126120     
   1.0800000000000001      -0.50419609751832117     
   1.1040000000000001      -0.51203303411454926     
   1.1280000000000001      -0.51830927774596702     
   1.1520000000000001      -0.52300588216396426     
   1.1760000000000002      -0.52610872596198466     
   1.2000000000000002      -0.52760855237006243     
   1.2240000000000002      -0.52750099426235519     
   1.2480000000000002      -0.52578658434146686     
   1.2720000000000002      -0.52247075050243996     
   1.2960000000000003      -0.51756379641891248     
   1.3200000000000003      -0.51108086743396475     
   1.3440000000000003      -0.50304190187835651     
   1.3680000000000003      -0.49347156797924313     
   1.3920000000000003      -0.48239918656253250     
   1.4160000000000004      -0.46985863979215808     
   1.4400000000000004      -0.45588826622911965     
   1.4640000000000004      -0.44053074253220031     
   1.4880000000000004      -0.42383295216080724     
   1.5120000000000005      -0.40584584147786651     
   1.5360000000000005      -0.38662426368753194     
   1.5600000000000005      -0.36622681107789362     
   1.5840000000000005      -0.34471563607347999     
   1.6080000000000005      -0.32215626163510935     
   1.6320000000000006      -0.29861738157649592     
   1.6560000000000006      -0.27417065139686320     
   1.6799999999999997      -0.24889047025723129     
   1.7039999999999997      -0.22285375475454791     
   1.7279999999999998      -0.19613970517252000     
   1.7519999999999998      -0.16882956491074527     
   1.7759999999999998      -0.14100637381434453     
   1.7999999999999998      -0.11275471614486374     
   1.8239999999999998       -8.4160463949584055E-002
   1.8479999999999999       -5.5310516600423798E-002
   1.8719999999999999       -2.6292537285507442E-002
   1.8959999999999999        2.8053127541495817E-003
   1.9199999999999999        3.1894641443221093E-002
   1.9440000000000000        6.0887093741627325E-002
   1.9680000000000000        8.9694619358588176E-002
   1.9920000000000000       0.11822973950471949     
   2.0160000000000000       0.14640581187848370     
   2.0400000000000009       0.17413729308819983     
   2.0640000000000001       0.20133999771840000     
   2.0880000000000010       0.22793135325910363     
   2.1120000000000001       0.25383065012885592     
   2.1360000000000010       0.27895928603692116     
   2.1600000000000001       0.30324100394694098     
   2.1840000000000011       0.32660212292337854     
   2.2080000000000002       0.34897176116358036     
   2.2319999999999993       0.37028205054144747     
   2.2560000000000002       0.39046834201445496     
   2.2799999999999994       0.40946940127299597     
   2.3040000000000003       0.42722759404059357     
   2.3279999999999994       0.44368906046452689     
   2.3520000000000003       0.45880387806940143     
   2.3759999999999994       0.47252621278062690     
   2.4000000000000004       0.48481445756079500     
   2.4239999999999995       0.49563135823934185     
   2.4480000000000004       0.50494412615454953     
   2.4719999999999995       0.51272453726682177     
   2.4960000000000004       0.51894901744301591     
   2.5199999999999996       0.52359871365349553     
   2.5440000000000005       0.52665955086612126     
   2.5679999999999996       0.52812227446470128     
   2.5920000000000005       0.52798247806322685     
   2.6159999999999997       0.52624061663144461     
   2.6400000000000006       0.52290200489173222     
   2.6639999999999997       0.51797680099197152     
   2.6880000000000006       0.51147997550353530     
   2.7119999999999997       0.50343126583812925     
   2.7360000000000007       0.49385511622130041     
   2.7599999999999998       0.48278060340424184     
   2.7840000000000007       0.47024134833872050     
   2.8079999999999998       0.45627541408251010     
   2.8320000000000007       0.44092519024447574     
   2.8559999999999999       0.42423726431920988     
   2.8800000000000008       0.40626228030092282     
   2.9039999999999999       0.38705478500486734     
   2.9280000000000008       0.36667306256178062     
   2.9520000000000000       0.34517895758679312     
   2.9760000000000009       0.32263768755854522     
   3.0000000000000000       0.29911764497701637     
   3.0240000000000009       0.27469018989952926     
   3.0480000000000000       0.24942943348366414     
   3.0720000000000010       0.22341201319300874     
   3.0960000000000001       0.19671686034706903     
   3.1200000000000010       0.16942496071981780     
   3.1440000000000001       0.14161910891249815     
   3.1680000000000010       0.11338365724521543     
   3.1920000000000002        8.4804259928424566E-002
   3.2160000000000011        5.5967613289833518E-002
   3.2400000000000002        2.6961192844180720E-002
   3.2639999999999993       -2.1270119970375314E-003
   3.2880000000000003       -3.1208764771686996E-002
   3.3119999999999994       -6.0195849559916935E-002
   3.3360000000000003       -8.9000338512680105E-002
   3.3599999999999994      -0.11753485850474148     
   3.3840000000000003      -0.14571285610369938     
   3.4079999999999995      -0.17344886005168747     
   3.4320000000000004      -0.20065874046388163     
   3.4559999999999995      -0.22725996395795492     
   3.4800000000000004      -0.25317184394085807     
   3.5039999999999996      -0.27831578529405421     
   3.5280000000000005      -0.30261552271524256     
   3.5519999999999996      -0.32599735199388968     
   3.5760000000000005      -0.34839035351921627     
   3.5999999999999996      -0.36972660734298846     
   3.6240000000000006      -0.38994139914481624     
   3.6479999999999997      -0.40897341647554131     
   3.6720000000000006      -0.42676493468349480     
   3.6959999999999997      -0.44326199195984201     
   3.7200000000000006      -0.45841455297222011     
   3.7439999999999998      -0.47217666059033792     
   3.7680000000000007      -0.48450657524354834     
   3.7919999999999998      -0.49536690148761692     
   3.8160000000000007      -0.50472470139698378     
   3.8399999999999999      -0.51255159443854903     
   3.8640000000000008      -0.51882384352411481     
   3.8879999999999999      -0.52352242698048201     
   3.9120000000000008      -0.52663309621893917     
   3.9359999999999999      -0.52814641892924474     
   3.9600000000000009      -0.52805780766702404     
   3.9840000000000000      -0.52636753374798473     
   4.0080000000000009      -0.52308072640665626     
   4.0320000000000000      -0.51820735722228917     
   4.0560000000000009      -0.51176220985907472     
   4.0800000000000001      -0.50376483521244264     
   4.1040000000000010      -0.49423949209747509     
   4.1280000000000001      -0.48321507365924038     
   4.1520000000000010      -0.47072501972829389     
   4.1760000000000002      -0.45680721538702140     
   4.2000000000000011      -0.44150387605455299     
   4.2240000000000002      -0.42486141943866357     
   4.2479999999999993      -0.40693032474302387     
   4.2720000000000002      -0.38776497955677164     
   4.2959999999999994      -0.36742351489074893     
   4.3200000000000003      -0.34596762886071514     
   4.3439999999999994      -0.32346239955223993     
   4.3680000000000003      -0.29997608763482064     
   4.3919999999999995      -0.27557992932386510     
   4.4160000000000004      -0.25034792031844189     
   4.4399999999999995      -0.22435659137006250     
   4.4640000000000004      -0.19768477616318439     
   4.4879999999999995      -0.17041337221137792     
   4.5120000000000005      -0.14262509549435903     
   4.5359999999999996      -0.11440422958001419     
   4.5600000000000005       -8.5836369992304887E-002
   4.5839999999999996       -5.7008164600352199E-002
   4.6080000000000005       -2.8007050816074078E-002
   4.6319999999999997        1.0790096025993299E-003
   4.6560000000000006        3.0161797338579106E-002
   4.6799999999999997        5.9153103083447893E-002
   4.7040000000000006        8.7964995074716987E-002
   4.7279999999999998       0.11651008579111750     
   4.7520000000000007       0.14470179699707453     
   4.7759999999999998       0.17245462233246850     
   4.8000000000000007       0.19968438665130248     
   4.8239999999999998       0.22630850132270638     
   4.8480000000000008       0.25224621471996389     
   4.8719999999999999       0.27741885713785991     
   4.8960000000000008       0.30175007939551313     
   4.9199999999999999       0.32516608440102979     
   4.9440000000000008       0.34759585097564849     
   4.9680000000000000       0.36897134925856856     
   4.9920000000000009       0.38922774703908070     
   5.0160000000000000       0.40830360639027163     
   5.0400000000000009       0.42614107000785928     
   5.0640000000000001       0.44268603668905221     
   5.0880000000000010       0.45788832541919200     
   5.1120000000000001       0.47170182756848483     
   5.1360000000000010       0.48408464673727164     
   5.1600000000000001       0.49499922582560990     
   5.1840000000000011       0.50441246094186598     
   5.2080000000000002       0.51229580180473655     
   5.2320000000000011       0.51862533833425406     
   5.2560000000000002       0.52338187316910889     
   5.2799999999999994       0.52655097989037258     
   5.3040000000000003       0.52812304677498556     
   5.3279999999999994       0.52809330594637127     
   5.3520000000000003       0.52646184783367245     
   5.3759999999999994       0.52323362089585712     
   5.4000000000000004       0.51841841661144483     
   5.4239999999999995       0.51203083977942931     
   5.4480000000000004       0.50409026422143643     
   5.4719999999999995       0.49462077401951537     
   5.4960000000000004       0.48365109046773536     
   5.5199999999999996       0.47121448495919621     
   5.5440000000000005       0.45734867807261081     
   5.5679999999999996       0.44209572516456785     
   5.5920000000000005       0.42550188881445639     
   5.6159999999999997       0.40761749850891771     
   5.6400000000000006       0.38849679799141562     
   5.6639999999999997       0.36819778073990073     
   5.6880000000000006       0.34678201407156400     
   5.7119999999999997       0.32431445240817236     
   5.7360000000000007       0.30086324026834499     
   5.7599999999999998       0.27649950558430014     
   5.7840000000000007       0.25129714396993502     
   5.8079999999999998       0.22533259459455615     
   5.8320000000000007       0.19868460834202734     
   5.8559999999999999       0.17143400895852209     
   5.8800000000000008       0.14366344791329577     
   5.9039999999999999       0.11545715371600458     
   5.9280000000000008        8.6900676450881523E-002
   5.9520000000000000        5.8080628302595437E-002
   5.9760000000000009        2.9084420860782334E-002
