  -6.0000000000000000       -3.5519723906229945E-266
  -5.9760000000000000       -5.4221993195051059E-262
  -5.9520000000000000       -3.3718034932135735E-258
  -5.9279999999999999       -1.0093736700196059E-254
  -5.9039999999999999       -1.7409388281736194E-250
  -5.8799999999999999       -2.2593171567262646E-246
  -5.8559999999999999       -3.4648998017120564E-243
  -5.8319999999999999       -9.4635602674917560E-239
  -5.8079999999999998       -6.2047351489866111E-235
  -5.7839999999999998       -4.3746291649696396E-231
  -5.7599999999999998       -3.0293528045211254E-227
  -5.7359999999999998       -2.9006737518363743E-224
  -5.7119999999999997       -4.7002667769082260E-220
  -5.6879999999999997       -2.4129027808447968E-216
  -5.6639999999999997       -2.9001055462497539E-213
  -5.6399999999999997       -2.7854277735141726E-210
  -5.6159999999999997       -9.5769550158481331E-206
  -5.5919999999999996       -2.7221424536706006E-202
  -5.5679999999999996       -6.4574986203201365E-199
  -5.5439999999999996       -2.3579422275368565E-196
  -5.5199999999999996       -5.4459779366777849E-192
  -5.4960000000000004       -1.9421122846149060E-188
  -5.4719999999999995       -3.3673831839028375E-185
  -5.4480000000000004       -1.5098975473611719E-182
  -5.4239999999999995       -1.5281727738125648E-178
  -5.4000000000000004       -2.4317696667692901E-175
  -5.3760000000000003        1.5716279202537419E-172
  -5.3520000000000003       -1.3092864424164517E-168
  -5.3280000000000003       -7.8403475270820201E-166
  -5.3040000000000003       -1.0942056160858092E-162
  -5.2800000000000002       -1.7481286572948132E-159
  -5.2560000000000002       -5.3335689819701380E-157
  -5.2320000000000002       -2.7168252426157754E-153
  -5.2080000000000002       -1.6687552002060836E-150
  -5.1840000000000002       -2.1981429376485465E-147
  -5.1600000000000001       -4.0614202670881411E-144
  -5.1360000000000001       -1.6838207461420476E-141
  -5.1120000000000001       -6.4819794123919930E-139
  -5.0880000000000001       -1.5020097559984760E-135
  -5.0640000000000001       -3.4787786936699206E-133
  -5.0400000000000000       -1.8582210253212123E-130
  -5.0160000000000000       -2.2355349334258894E-127
  -4.9920000000000000       -7.6404169144796791E-125
  -4.9680000000000000       -9.6314713042855539E-122
  -4.9440000000000000       -3.5832122168130989E-119
  -4.9199999999999999       -7.7953112018628130E-117
  -4.8959999999999999       -3.4549929762821022E-114
  -4.8719999999999999       -2.5944199227529840E-111
  -4.8479999999999999       -1.1400374960800261E-108
  -4.8239999999999998       -1.0809763140016068E-106
  -4.7999999999999998       -4.2625504122814267E-104
  -4.7759999999999998       -6.4434418485540379E-101
  -4.7519999999999998       -8.4159909592845639E-099
  -4.7279999999999998       -4.9657877031496280E-096
  -4.7039999999999997       -4.4696758289062827E-094
  -4.6799999999999997       -3.3753532003568049E-092
  -4.6559999999999997       -1.9564605936149908E-089
  -4.6319999999999997       -3.0168221462148825E-087
  -4.6079999999999997       -2.6018468261581944E-085
  -4.5839999999999996       -5.4083560989374886E-083
  -4.5600000000000005       -6.3844581416462278E-081
  -4.5359999999999996       -1.1169273430114233E-078
  -4.5120000000000005       -3.0434419497366383E-076
  -4.4879999999999995       -2.5865966453468933E-074
  -4.4640000000000004       -8.3181508428205211E-072
  -4.4399999999999995        4.9817756737058384E-071
  -4.4160000000000004       -8.6738125210354422E-068
  -4.3919999999999995       -1.0923669248067534E-065
  -4.3680000000000003       -1.7741090427837327E-064
  -4.3439999999999994       -6.2471508114557760E-063
  -4.3200000000000003       -5.0891366876925451E-060
  -4.2960000000000003       -1.5856835881033253E-058
  -4.2720000000000002       -1.3287564519201042E-056
  -4.2480000000000002       -8.5916879836853037E-055
  -4.2240000000000002       -1.2179016825949690E-052
  -4.2000000000000002        8.9355766326550125E-052
  -4.1760000000000002       -1.7107242556028709E-049
  -4.1520000000000001       -5.4093524690394913E-048
  -4.1280000000000001       -1.7433137234718496E-046
  -4.1040000000000001       -4.8827081740852749E-045
  -4.0800000000000001       -1.7899321550488133E-043
  -4.0560000000000000       -8.4087179013911557E-042
  -4.0320000000000000       -4.9997825837266957E-040
  -4.0080000000000000       -1.0244816335447226E-038
  -3.9840000000000000       -3.3355702249229183E-037
  -3.9600000000000000       -7.8719953937775805E-036
  -3.9359999999999999       -1.0733599369160738E-034
  -3.9119999999999999       -3.4136013380635381E-033
  -3.8879999999999999       -6.9379383984203802E-032
  -3.8639999999999999       -2.0073549001086011E-030
  -3.8399999999999999       -1.3906040657273640E-029
  -3.8159999999999998        1.2689061618249573E-029
  -3.7919999999999998       -3.0049334014584217E-027
  -3.7679999999999998       -4.2702366955292403E-026
  -3.7439999999999998       -5.3701425302503438E-025
  -3.7199999999999998       -4.8087235776258495E-024
  -3.6959999999999997       -4.5677914953701983E-023
  -3.6720000000000002       -3.0018264709246325E-022
  -3.6480000000000001       -1.2902556405167549E-021
  -3.6240000000000001       -1.7514193765854758E-020
  -3.6000000000000001       -1.2124217431504074E-019
  -3.5760000000000001       -3.3076636586173147E-019
  -3.5520000000000000       -2.3409722524694969E-018
  -3.5280000000000000       -4.7817825655090082E-018
  -3.5040000000000000       -1.0626460986686080E-017
  -3.4800000000000000       -1.1634576575218095E-016
  -3.4560000000000000       -8.0304613901217487E-017
  -3.4319999999999999       -3.6514413144611629E-016
  -3.4079999999999999        3.6286735301757973E-017
  -3.3839999999999999        2.5622799392770925E-016
  -3.3599999999999999       -4.1068926145026660E-016
  -3.3359999999999999       -3.3653751623136700E-016
  -3.3119999999999998       -1.3608673196214561E-015
  -3.2879999999999998       -5.1497154638968112E-016
  -3.2639999999999998        2.6408388574341274E-016
  -3.2399999999999998        1.7134391855883394E-015
  -3.2159999999999997       -2.4764833198627977E-016
  -3.1919999999999997       -2.0924575592247964E-015
  -3.1680000000000001       -2.0964326978007958E-016
  -3.1440000000000001       -1.3257944119587877E-016
  -3.1200000000000001       -2.4347063398838965E-016
  -3.0960000000000001        1.6297209001938848E-016
  -3.0720000000000001       -6.2829336107678457E-016
  -3.0480000000000000       -6.3241892636072158E-016
  -3.0240000000000000        5.8368989535272115E-016
  -3.0000000000000000        5.6707566524588728E-016
  -2.9760000000000000       -6.9565645937910493E-016
  -2.9520000000000000       -1.2548592141891508E-015
  -2.9279999999999999       -1.2775190876709606E-015
  -2.9039999999999999       -4.8729775129084570E-015
  -2.8799999999999999       -1.3452097906227500E-014
  -2.8559999999999999       -3.6422978006211918E-014
  -2.8319999999999999       -1.0177124781719146E-013
  -2.8079999999999998       -2.7584641802392261E-013
  -2.7839999999999998       -7.2442524819200962E-013
  -2.7599999999999998       -1.8398870621761512E-012
  -2.7359999999999998       -4.5530909111523354E-012
  -2.7119999999999997       -1.0949776946992533E-011
  -2.6879999999999997       -2.5637101352028554E-011
  -2.6640000000000001       -5.8455971009891379E-011
  -2.6400000000000001       -1.2990820000584428E-010
  -2.6160000000000001       -2.8162033815875326E-010
  -2.5920000000000001       -5.9594260027039409E-010
  -2.5680000000000001       -1.2318924263630885E-009
  -2.5440000000000000       -2.4892294419958314E-009
  -2.5200000000000000       -4.9201313514541480E-009
  -2.4960000000000000       -9.5190370966653282E-009
  -2.4720000000000000       -1.8038190932284282E-008
  -2.4480000000000000       -3.3500283876927019E-008
  -2.4239999999999999       -6.1013266820976841E-008
  -2.3999999999999999       -1.0903806559786871E-007
  -2.3759999999999999       -1.9132019008836134E-007
  -2.3519999999999999       -3.2977382521724942E-007
  -2.3279999999999998       -5.5870341557856548E-007
  -2.3039999999999998       -9.3086475042783654E-007
  -2.2799999999999998       -1.5260039388871382E-006
  -2.2559999999999998       -2.4626671439066900E-006
  -2.2319999999999998       -3.9142407518993693E-006
  -2.2079999999999997       -6.1303543059808679E-006
  -2.1839999999999997       -9.4649457975339541E-006
  -2.1600000000000001       -1.4412437600706056E-005
  -2.1360000000000001       -2.1653585317063705E-005
  -2.1120000000000001       -3.2112622649969799E-005
  -2.0880000000000001       -4.7027314157266643E-005
  -2.0640000000000001       -6.8033425188502195E-005
  -2.0400000000000000       -9.7264907599717152E-005
  -2.0160000000000000       -1.3747076685238272E-004
  -1.9920000000000000       -1.9214911251853265E-004
  -1.9680000000000000       -2.6569829786673191E-004
  -1.9440000000000000       -3.6358433055101236E-004
  -1.9199999999999999       -4.9252290004310863E-004
  -1.8959999999999999       -6.6067344074934606E-004
  -1.8719999999999999       -8.7784166442443602E-004
  -1.8479999999999999       -1.1556859896395650E-003
  -1.8239999999999998       -1.5079223143645117E-003
  -1.7999999999999998       -1.9505206676845160E-003
  -1.7759999999999998       -2.5018864879902038E-003
  -1.7519999999999998       -3.1830186547951063E-003
  -1.7279999999999998       -4.0176359938477839E-003
  -1.7039999999999997       -5.0322638169029363E-003
  -1.6799999999999997       -6.2562721770691200E-003
  -1.6559999999999997       -7.7218579349284241E-003
  -1.6319999999999997       -9.4639634462035469E-003
  -1.6079999999999997       -1.1520125691021689E-002
  -1.5839999999999996       -1.3930250949710503E-002
  -1.5599999999999996       -1.6736311659489040E-002
  -1.5359999999999996       -1.9981963819747799E-002
  -1.5119999999999996       -2.3712085201605657E-002
  -1.4879999999999995       -2.7972236604136620E-002
  -1.4639999999999995       -3.2808050425538818E-002
  -1.4399999999999995       -3.8264552820894214E-002
  -1.4159999999999995       -4.4385427638842449E-002
  -1.3919999999999995       -5.1212232109803198E-002
  -1.3680000000000003       -5.8783575846316750E-002
  -1.3440000000000003       -6.7134276066100562E-002
  -1.3200000000000003       -7.6294503023571242E-002
  -1.2960000000000003       -8.6288930407940140E-002
  -1.2720000000000002       -9.7135905916941948E-002
  -1.2480000000000002      -0.10884665733666123     
  -1.2240000000000002      -0.12142454925056664     
  -1.2000000000000002      -0.13486440497458069     
  -1.1760000000000002      -0.14915190748816617     
  -1.1520000000000001      -0.16426309202852990     
  -1.1280000000000001      -0.18016394166772989     
  -1.1040000000000001      -0.19681009563527893     
  -1.0800000000000001      -0.21414667842137669     
  -1.0560000000000000      -0.23210825583794531     
  -1.0320000000000000      -0.25061892226811738     
  -1.0080000000000000      -0.26959252134020451     
 -0.98399999999999999      -0.28893300025929625     
 -0.95999999999999996      -0.30853489605544215     
 -0.93599999999999994      -0.32828395009621197     
 -0.91199999999999992      -0.34805784539420170     
 -0.88799999999999990      -0.36772705954328838     
 -0.86399999999999988      -0.38715582456426284     
 -0.83999999999999986      -0.40620318354901569     
 -0.81599999999999984      -0.42472413277726156     
 -0.79199999999999982      -0.44257083695088634     
 -0.76799999999999979      -0.45959390435486924     
 -0.74399999999999977      -0.47564370811275913     
 -0.71999999999999975      -0.49057173925866376     
 -0.69599999999999973      -0.50423197709270839     
 -0.67199999999999971      -0.51648226221721760     
 -0.64799999999999969      -0.52718565775791659     
 -0.62399999999999967      -0.53621178454852170     
 -0.59999999999999964      -0.54343811648638651     
 -0.57599999999999962      -0.54875122283938094     
 -0.55199999999999960      -0.55204794498601717     
 -0.52799999999999958      -0.55323649588889179     
 -0.50399999999999956      -0.55223747152127223     
 -0.47999999999999954      -0.54898476447445077     
 -0.45599999999999952      -0.54342637105523484     
 -0.43199999999999950      -0.53552508432506551     
 -0.40799999999999947      -0.52525906672156697     
 -0.38399999999999945      -0.51262229712663476     
 -0.36000000000000032      -0.49762488849051056     
 -0.33600000000000030      -0.48029327337613925     
 -0.31200000000000028      -0.46067025604121214     
 -0.28800000000000026      -0.43881493091545509     
 -0.26400000000000023      -0.41480246854699387     
 -0.24000000000000021      -0.38872377127399038     
 -0.21600000000000019      -0.36068500201572373     
 -0.19200000000000017      -0.33080699066188385     
 -0.16800000000000015      -0.29922452356052809     
 -0.14400000000000013      -0.26608552255552670     
 -0.12000000000000011      -0.23155012089556898     
  -9.6000000000000085E-002 -0.19578964412159855     
  -7.2000000000000064E-002 -0.15898550473167120     
  -4.8000000000000043E-002 -0.12132802001681252     
  -2.4000000000000021E-002  -8.3015162953978164E-002
   0.0000000000000000       -4.4251256430672362E-002
   2.4000000000000021E-002  -5.2456213585391678E-003
   4.8000000000000043E-002   3.3788810589005694E-002
   7.2000000000000064E-002   7.2636908805546629E-002
   9.6000000000000085E-002  0.11108276936266108     
  0.12000000000000011       0.14891114373910375     
  0.14400000000000013       0.18590886021341602     
  0.16800000000000015       0.22186622775596990     
  0.19200000000000017       0.25657841262107461     
  0.21600000000000019       0.28984677826958061     
  0.24000000000000021       0.32148017973855475     
  0.26400000000000023       0.35129620410831458     
  0.28800000000000026       0.37912234928964206     
  0.31200000000000028       0.40479713395728384     
  0.33600000000000030       0.42817113208217494     
  0.36000000000000032       0.44910792615734635     
  0.38400000000000034       0.46748497386526983     
  0.40800000000000036       0.48319438359196087     
  0.43200000000000038       0.49614359485131992     
  0.45600000000000041       0.50625596033811493     
  0.48000000000000043       0.51347122697688752     
  0.50400000000000045       0.51774591397433234     
  0.52800000000000047       0.51905358651269462     
  0.55200000000000049       0.51738502433972955     
  0.57600000000000051       0.51274828511570203     
  0.60000000000000053       0.50516866296861951     
  0.62400000000000055       0.49468854328450346     
  0.64800000000000058       0.48136715531897362     
  0.67199999999999971       0.46528022475893599     
  0.69599999999999973       0.44651952888746571     
  0.71999999999999975       0.42519235751018031     
  0.74399999999999977       0.40142088328607889     
  0.76799999999999979       0.37534144556872256     
  0.79199999999999982       0.34710375230325935     
  0.81599999999999984       0.31687000493975237     
  0.83999999999999986       0.28481395171182949     
  0.86399999999999988       0.25111987499020705     
  0.88799999999999990       0.21598151875187063     
  0.91199999999999992       0.17960096250541674     
  0.93599999999999994       0.14218744828054311     
  0.95999999999999996       0.10395616752258735     
  0.98399999999999999        6.5127014930803126E-002
   1.0080000000000000        2.5923316440029612E-002
   1.0320000000000000       -1.3429461331398109E-002
   1.0560000000000000       -5.2705012759906730E-002
   1.0800000000000001       -9.1677498568188895E-002
   1.1040000000000001      -0.13012284739151495     
   1.1280000000000001      -0.16782004613470991     
   1.1520000000000001      -0.20455241177040856     
   1.1760000000000002      -0.24010883734338487     
   1.2000000000000002      -0.27428500509994480     
   1.2240000000000002      -0.30688455985378632     
   1.2480000000000002      -0.33772023593074285     
   1.2720000000000002      -0.36661493130194117     
   1.2960000000000003      -0.39340272281824096     
   1.3200000000000003      -0.41792981679528174     
   1.3440000000000003      -0.44005542956781635     
   1.3680000000000003      -0.45965259303100958     
   1.3920000000000003      -0.47660888061356133     
   1.4160000000000004      -0.49082704958053203     
   1.4400000000000004      -0.50222559603969807     
   1.4640000000000004      -0.51073921952200474     
   1.4880000000000004      -0.51631919452110941     
   1.5120000000000005      -0.51893364690637633     
   1.5360000000000005      -0.51856773366499065     
   1.5600000000000005      -0.51522372497910018     
   1.5840000000000005      -0.50892098819989284     
   1.6080000000000005      -0.49969587383912506     
   1.6320000000000006      -0.48760150425669874     
   1.6560000000000006      -0.47270746627737509     
   1.6799999999999997      -0.45509940951701489     
   1.7039999999999997      -0.43487855273643033     
   1.7279999999999998      -0.41216110106523091     
   1.7519999999999998      -0.38707757744641985     
   1.7759999999999998      -0.35977207214189455     
   1.7999999999999998      -0.33040141460647016     
   1.8239999999999998      -0.29913427248120333     
   1.8479999999999999      -0.26615018287278780     
   1.8719999999999999      -0.23163852147245376     
   1.8959999999999999      -0.19579741542274376     
   1.9199999999999999      -0.15883260616188108     
   1.9440000000000000      -0.12095626876114843     
   1.9680000000000000       -8.2385794519302794E-002
   1.9920000000000000       -4.3342543787949619E-002
   2.0160000000000000       -4.0505761719154768E-003
   2.0400000000000009        3.5264634622089230E-002
   2.0640000000000001        7.4377493927517135E-002
   2.0880000000000010       0.11306357984418722     
   2.1120000000000001       0.15110093013882286     
   2.1360000000000010       0.18827131494931493     
   2.1600000000000001       0.22436148800342909     
   2.1840000000000011       0.25916440918572681     
   2.2080000000000002       0.29248043145066455     
   2.2319999999999993       0.32411844528391609     
   2.2560000000000002       0.35389697415723054     
   2.2799999999999994       0.38164521470266488     
   2.3040000000000003       0.40720401564880637     
   2.3279999999999994       0.43042678991227751     
   2.3520000000000003       0.45118035462072908     
   2.3759999999999994       0.46934569425636358     
   2.4000000000000004       0.48481864254944385     
   2.4239999999999995       0.49751047921671704     
   2.4480000000000004       0.50734843812756081     
   2.4719999999999995       0.51427612398810563     
   2.4960000000000004       0.51825383515771839     
   2.5199999999999996       0.51925879075018089     
   2.5440000000000005       0.51728526072024794     
   2.5679999999999996       0.51234459819222344     
   2.5920000000000005       0.50446517384744660     
   2.6159999999999997       0.49369221274875286     
   2.6400000000000006       0.48008753453922165     
   2.6639999999999997       0.46372919850617073     
   2.6880000000000006       0.44471105554667167     
   2.7119999999999997       0.42314220960444693     
   2.7360000000000007       0.39914639166679500     
   2.7599999999999998       0.37286124991151531     
   2.7840000000000007       0.34443756007425314     
   2.8079999999999998       0.31403836056412054     
   2.8320000000000007       0.28183801728670721     
   2.8559999999999999       0.24802122353658795     
   2.8800000000000008       0.21278194069360881     
   2.9039999999999999       0.17632228579653092     
   2.9280000000000008       0.13885137237226605     
   2.9520000000000000       0.10058411116676926     
   2.9760000000000009        6.1739977653609245E-002
   3.0000000000000000        2.2541753386670808E-002
   3.0240000000000009       -1.6785751586579592E-002
   3.0480000000000000       -5.6016987926297154E-002
   3.0720000000000010       -9.4926960424335780E-002
   3.0960000000000001      -0.13329251823538632     
   3.1200000000000010      -0.17089363451771597     
   3.1440000000000001      -0.20751466814668093     
   3.1680000000000010      -0.24294560026706688     
   3.1920000000000002      -0.27698323859440926     
   3.2160000000000011      -0.30943238256058353     
   3.2400000000000002      -0.34010694262317936     
   3.2639999999999993      -0.36883100732120228     
   3.2880000000000003      -0.39543985195909065     
   3.3119999999999994      -0.41978088313577261     
   3.3360000000000003      -0.44171451370332881     
   3.3599999999999994      -0.46111496313873385     
   3.3840000000000003      -0.47787097873971052     
   3.4079999999999995      -0.49188647350986092     
   3.4320000000000004      -0.50308107707571659     
   3.4559999999999995      -0.51139059647727869     
   3.4800000000000004      -0.51676738419006962     
   3.5039999999999996      -0.51918061126893378     
   3.5280000000000005      -0.51861644404763774     
   3.5519999999999996      -0.51507812338143177     
   3.5760000000000005      -0.50858594597851225     
   3.5999999999999996      -0.49917714792775247     
   3.6240000000000006      -0.48690569109084819     
   3.6479999999999997      -0.47184195358407804     
   3.6720000000000006      -0.45407232612474124     
   3.6959999999999997      -0.43369871655714259     
   3.7200000000000006      -0.41083796539956763     
   3.7439999999999998      -0.38562117576378852     
   3.7680000000000007      -0.35819296148974178     
   3.7919999999999998      -0.32871061780694266     
   3.8160000000000007      -0.29734321927842638     
   3.8399999999999999      -0.26427065020002771     
   3.8640000000000008      -0.22968257301508471     
   3.8879999999999999      -0.19377734066009700     
   3.9120000000000008      -0.15676085907840337     
   3.9359999999999999      -0.11884540642464950     
   3.9600000000000009       -8.0248415731197273E-002
   3.9840000000000000       -4.1191228017119136E-002
   4.0080000000000009       -1.8978229899649329E-003
   4.0320000000000000        3.7406465381123841E-002
   4.0560000000000009        7.6496241055518402E-002
   4.0800000000000001       0.11514733846453419     
   4.1040000000000010       0.15313810799626246     
   4.1280000000000001       0.19025068705034409     
   4.1520000000000010       0.22627224937400695     
   4.1760000000000002       0.26099622551513380     
   4.2000000000000011       0.29422348739391851     
   4.2240000000000002       0.32576349020026141     
   4.2479999999999993       0.35543536506886270     
   4.2720000000000002       0.38306895626618775     
   4.2959999999999994       0.40850579694172140     
   4.3200000000000003       0.43160001784815810     
   4.3439999999999994       0.45221918381960025     
   4.3680000000000003       0.47024505321108656     
   4.3919999999999995       0.48557425594455988     
   4.4160000000000004       0.49811888627311379     
   4.4399999999999995       0.50780700686440339     
   4.4640000000000004       0.51458306131264597     
   4.4879999999999995       0.51840819271371641     
   4.5120000000000005       0.51926046647657143     
   4.5359999999999996       0.51713499609337232     
   4.5600000000000005       0.51204397114707290     
   4.5839999999999996       0.50401658739600386     
   4.6080000000000005       0.49309887933637397     
   4.6319999999999997       0.47935345620297426     
   4.6560000000000006       0.46285914292193298     
   4.6799999999999997       0.44371052807464878     
   4.7040000000000006       0.42201742146502313     
   4.7279999999999998       0.39790422440070727     
   4.7520000000000007       0.37150921629944189     
   4.7759999999999998       0.34298376171152950     
   4.8000000000000007       0.31249144230577630     
   4.8239999999999998       0.28020711879657728     
   4.8480000000000008       0.24631592819150949     
   4.8719999999999999       0.21101222210980961     
   4.8960000000000008       0.17449845225990618     
   4.9199999999999999       0.13698400946731187     
   4.9440000000000008        9.8684022910478161E-002
   4.9680000000000000        5.9818126450390939E-002
   4.9920000000000009        2.0609199128456622E-002
   5.0160000000000000       -1.8717912944708270E-002
   5.0400000000000009       -5.7937685980219561E-002
   5.0640000000000001       -9.6825211787572474E-002
   5.0880000000000010      -0.13515748752068968     
   5.1120000000000001      -0.17271469449726173     
   5.1360000000000010      -0.20928145875801540     
   5.1600000000000001      -0.24464808613716008     
   5.1840000000000011      -0.27861176476154159     
   5.2080000000000002      -0.31097772808269020     
   5.2320000000000011      -0.34156037177237897     
   5.2560000000000002      -0.37018431807681623     
   5.2799999999999994      -0.39668542152594111     
   5.3040000000000003      -0.42091171023051199     
   5.3279999999999994      -0.44272425736919413     
   5.3520000000000003      -0.46199797786797631     
   5.3759999999999994      -0.47862234570346535     
   5.4000000000000004      -0.49250202771659335     
   5.4239999999999995      -0.50355743030215538     
   5.4480000000000004      -0.51172515583916922     
   5.4719999999999995      -0.51695836624469260     
   5.4960000000000004      -0.51922705156623361     
   5.5199999999999996      -0.51851820207258970     
   5.5440000000000005      -0.51483588285619508     
   5.5679999999999996      -0.50820121051922595     
   5.5920000000000005      -0.49865223207715531     
   5.6159999999999997      -0.48624370677418760     
   5.6400000000000006      -0.47104679206178146     
   5.6639999999999997      -0.45314863554103957     
   5.6880000000000006      -0.43265187520898157     
   5.7119999999999997      -0.40967405087457842     
   5.7360000000000007      -0.38434693011979632     
   5.7599999999999998      -0.35681575267097609     
   5.7840000000000007      -0.32723839751371714     
   5.8079999999999998      -0.29578447752749643     
   5.8320000000000007      -0.26263436683186564     
   5.8559999999999999      -0.22797816642196786     
   5.8800000000000008      -0.19201461402496134     
   5.9039999999999999      -0.15494994442883719     
   5.9280000000000008      -0.11699670681912354     
   5.9520000000000000       -7.8372545905494778E-002
   5.9760000000000009       -3.9298953827979259E-002
