  -6.0000000000000000       -8.8106064524461834E-267
  -5.9760000000000000       -1.8329887779227915E-262
  -5.9520000000000000       -5.1790974304761145E-259
  -5.9279999999999999       -3.0230315013779765E-255
  -5.9039999999999999       -7.2722025070911517E-251
  -5.8799999999999999       -1.8584891262468545E-247
  -5.8559999999999999       -9.4178339580229848E-244
  -5.8319999999999999       -2.7594279973769231E-239
  -5.8079999999999998       -1.8093251262316456E-235
  -5.7839999999999998       -1.0671067556424084E-231
  -5.7599999999999998       -6.5412907592709227E-228
  -5.7359999999999998       -4.3644107131926511E-225
  -5.7119999999999997       -9.8812531542587348E-221
  -5.6879999999999997       -5.4984753794384474E-217
  -5.6639999999999997       -4.2271048141279548E-214
  -5.6399999999999997       -5.0871614425236476E-211
  -5.6159999999999997       -1.8547751857215441E-206
  -5.5919999999999996       -4.4410888730653604E-203
  -5.5679999999999996       -1.4605081703801190E-199
  -5.5439999999999996       -5.0280642828724415E-197
  -5.5199999999999996       -8.7671997519193076E-193
  -5.4960000000000004       -4.5626464809881730E-189
  -5.4719999999999995       -3.1880499183215771E-186
  -5.4480000000000004       -1.1338863305893410E-182
  -5.4239999999999995       -4.3191675356235944E-179
  -5.4000000000000004       -1.0679263632883657E-175
  -5.3760000000000003        5.7562912565664253E-173
  -5.3520000000000003       -2.8268302281239361E-169
  -5.3280000000000003       -3.2134253558749656E-166
  -5.3040000000000003       -3.6831773837808028E-163
  -5.2800000000000002       -3.4331307811722672E-160
  -5.2560000000000002       -2.3378311339217120E-157
  -5.2320000000000002       -8.1256196561758076E-154
  -5.2080000000000002       -4.1984108670100506E-151
  -5.1840000000000002       -7.3786031523821763E-148
  -5.1600000000000001       -1.1860966138502019E-144
  -5.1360000000000001       -6.5348534427221042E-142
  -5.1120000000000001       -3.6212683897585831E-139
  -5.0880000000000001       -5.9085883628632924E-136
  -5.0640000000000001        3.2247197121375517E-135
  -5.0400000000000000       -6.5493089194289819E-131
  -5.0160000000000000       -1.3463390581948863E-127
  -4.9920000000000000       -2.1890689056504840E-125
  -4.9680000000000000       -4.7054817762616803E-122
  -4.9440000000000000       -9.9746893666450676E-120
  -4.9199999999999999        7.8767337778857286E-118
  -4.8959999999999999       -3.5132038738040950E-114
  -4.8719999999999999       -6.8995533546271916E-112
  -4.8479999999999999       -4.3652827722349687E-109
  -4.8239999999999998       -1.3171704883498688E-106
  -4.7999999999999998        1.9839517460919242E-104
  -4.7759999999999998       -1.9492591553655400E-101
  -4.7519999999999998       -8.3410012358992881E-100
  -4.7279999999999998       -1.7866586978366554E-096
  -4.7039999999999997       -9.4023550095195465E-095
  -4.6799999999999997       -9.5437427247071012E-093
  -4.6559999999999997       -4.4504261498276178E-090
  -4.6319999999999997       -1.5074222892838658E-087
  -4.6079999999999997       -2.3367184157076062E-085
  -4.5839999999999996       -2.5091764515879917E-083
  -4.5600000000000005       -1.4146118761721490E-081
  -4.5359999999999996       -6.6203891228856296E-079
  -4.5120000000000005       -6.9133556554923882E-077
  -4.4879999999999995       -5.2249016365007964E-075
  -4.4640000000000004       -2.9227594731874366E-072
  -4.4399999999999995       -1.6369235509038998E-071
  -4.4160000000000004       -1.6278762844236175E-068
  -4.3919999999999995       -3.5814250807948244E-066
  -4.3680000000000003       -1.1620623588089066E-064
  -4.3439999999999994       -8.4112851401736656E-063
  -4.3200000000000003       -1.7061740489853671E-060
  -4.2960000000000003       -2.6814431341700918E-059
  -4.2720000000000002       -5.6747713319362818E-057
  -4.2480000000000002       -4.9728400003219711E-055
  -4.2240000000000002       -3.0871065491109734E-053
  -4.2000000000000002        2.5872893141270405E-052
  -4.1760000000000002       -5.1558818521781777E-050
  -4.1520000000000001       -4.0776170292192731E-049
  -4.1280000000000001       -7.5544199131026948E-047
  -4.1040000000000001       -3.7482426837359312E-046
  -4.0800000000000001        2.1053897172461654E-044
  -4.0560000000000000       -1.2864963458778561E-042
  -4.0320000000000000       -7.4859136654505234E-041
  -4.0080000000000000       -1.0145028543530592E-039
  -3.9840000000000000       -8.3737576867770615E-038
  -3.9600000000000000       -1.9511509720973615E-036
  -3.9359999999999999       -1.7130053197137001E-035
  -3.9119999999999999       -6.8033354806319592E-034
  -3.8879999999999999       -1.6182336298151046E-032
  -3.8639999999999999       -3.3915603116535773E-031
  -3.8399999999999999       -1.3736400555504263E-030
  -3.8159999999999998       -1.4836579707789063E-030
  -3.7919999999999998       -8.1195132254747696E-028
  -3.7679999999999998       -6.1259755449061578E-027
  -3.7439999999999998       -2.0048892244163606E-025
  -3.7199999999999998       -9.5067278957447684E-025
  -3.6959999999999997       -1.4228022128135430E-023
  -3.6720000000000002       -1.0304587049943935E-022
  -3.6480000000000001       -4.5660753437872532E-022
  -3.6240000000000001       -7.8998283925100489E-021
  -3.6000000000000001       -5.2131271931755263E-020
  -3.5760000000000001       -5.1280350992010154E-021
  -3.5520000000000000       -3.8983961932677300E-019
  -3.5280000000000000        8.9935008046544740E-019
  -3.5040000000000000        1.8930307961048152E-018
  -3.4800000000000000       -1.6153457954443019E-017
  -3.4560000000000000        9.9500366047540893E-017
  -3.4319999999999999       -1.3381061589197670E-016
  -3.4079999999999999        2.7627144838757430E-017
  -3.3839999999999999        3.1866693445485453E-016
  -3.3599999999999999       -6.8905486349531659E-016
  -3.3359999999999999        5.6689558833921962E-016
  -3.3119999999999998        9.4433549393678404E-017
  -3.2879999999999998        2.8935830457093031E-016
  -3.2639999999999998        7.5577261131920043E-016
  -3.2399999999999998        4.1632977382387900E-017
  -3.2159999999999997       -4.8014941970287123E-016
  -3.1919999999999997       -1.4720221548198260E-016
  -3.1680000000000001        4.8139894087424607E-017
  -3.1440000000000001       -9.1907729933599983E-016
  -3.1200000000000001        4.2617370568764606E-016
  -3.0960000000000001        1.0663846238667411E-016
  -3.0720000000000001       -1.5013469400466720E-015
  -3.0480000000000000        2.5369275593531316E-017
  -3.0240000000000000       -6.6395341814038431E-016
  -3.0000000000000000        4.2668143027360280E-016
  -2.9760000000000000       -8.1783004601100494E-016
  -2.9520000000000000        9.8043949406294418E-016
  -2.9279999999999999       -3.2736875646690043E-017
  -2.9039999999999999        4.7552536273789314E-016
  -2.8799999999999999       -4.2361295665358351E-016
  -2.8559999999999999       -4.5449308619872378E-015
  -2.8319999999999999       -1.1714594338054009E-014
  -2.8079999999999998       -2.9343470300694104E-014
  -2.7839999999999998       -7.8155856727023834E-014
  -2.7599999999999998       -1.9759665245604623E-013
  -2.7359999999999998       -4.9238177804653395E-013
  -2.7119999999999997       -1.1873499267171615E-012
  -2.6879999999999997       -2.7856968021588181E-012
  -2.6640000000000001       -6.3721913066127432E-012
  -2.6400000000000001       -1.4193735172872021E-011
  -2.6160000000000001       -3.0849801107696373E-011
  -2.5920000000000001       -6.5458436214527497E-011
  -2.5680000000000001       -1.3569922702916319E-010
  -2.5440000000000000       -2.7501176865409664E-010
  -2.5200000000000000       -5.4524800648913175E-010
  -2.4960000000000000       -1.0582524157159797E-009
  -2.4720000000000000       -2.0119616494177809E-009
  -2.4480000000000000       -3.7493514224214738E-009
  -2.4239999999999999       -6.8527506527643641E-009
  -2.3999999999999999       -1.2291531411171271E-008
  -2.3759999999999999       -2.1648689351160267E-008
  -2.3519999999999999       -3.7461664993206482E-008
  -2.3279999999999998       -6.3725186701253187E-008
  -2.3039999999999998       -1.0661927573269781E-007
  -2.2799999999999998       -1.7554416071911707E-007
  -2.2559999999999998       -2.8456536488893136E-007
  -2.2319999999999998       -4.5439683045130125E-007
  -2.2079999999999997       -7.1507649716611822E-007
  -2.1839999999999997       -1.1095168701441774E-006
  -2.1600000000000001       -1.6981410215853558E-006
  -2.1360000000000001       -2.5648407816927561E-006
  -2.1120000000000001       -3.8245163492777466E-006
  -2.0880000000000001       -5.6324731014662675E-006
  -2.0640000000000001       -8.1959593340731625E-006
  -2.0400000000000000       -1.1788125854263852E-005
  -2.0160000000000000       -1.6764672370683304E-005
  -1.9920000000000000       -2.3583414590953159E-005
  -1.9680000000000000       -3.2826958672552638E-005
  -1.9440000000000000       -4.5228605380528931E-005
  -1.9199999999999999       -6.1701525135011469E-005
  -1.8959999999999999       -8.3371148602060316E-005
  -1.8719999999999999       -1.1161060702422420E-004
  -1.8479999999999999       -1.4807893581450919E-004
  -1.8239999999999998       -1.9476162730807021E-004
  -1.7999999999999998       -2.5401298869088759E-004
  -1.7759999999999998       -3.2859963416951654E-004
  -1.7519999999999998       -4.2174432116364542E-004
  -1.7279999999999998       -5.3716923435703713E-004
  -1.7039999999999997       -6.7913773334660394E-004
  -1.6799999999999997       -8.5249351404728777E-004
  -1.6559999999999997       -1.0626960943008771E-003
  -1.6319999999999997       -1.3158515231777644E-003
  -1.6079999999999997       -1.6187372327178874E-003
  -1.5839999999999996       -1.9788200008659363E-003
  -1.5599999999999996       -2.4042660744761218E-003
  -1.5359999999999996       -2.9039426094393441E-003
  -1.5119999999999996       -3.4874097189272328E-003
  -1.4879999999999995       -4.1649025760811340E-003
  -1.4639999999999995       -4.9473031904753821E-003
  -1.4399999999999995       -5.8461016628919005E-003
  -1.4159999999999995       -6.8733469155936146E-003
  -1.3919999999999995       -8.0415870897358067E-003
  -1.3680000000000003       -9.3637999928870216E-003
  -1.3440000000000003       -1.0853314162807394E-002
  -1.3200000000000003       -1.2523721284107064E-002
  -1.2960000000000003       -1.4388780848574322E-002
  -1.2720000000000002       -1.6462318084372145E-002
  -1.2480000000000002       -1.8758116291412393E-002
  -1.2240000000000002       -2.1289804808609588E-002
  -1.2000000000000002       -2.4070743901982640E-002
  -1.1760000000000002       -2.7113907900830667E-002
  -1.1520000000000001       -3.0431767922577211E-002
  -1.1280000000000001       -3.4036175516577859E-002
  -1.1040000000000001       -3.7938248524658810E-002
  -1.0800000000000001       -4.2148260403320863E-002
  -1.0560000000000000       -4.6675534181811563E-002
  -1.0320000000000000       -5.1528342144167502E-002
  -1.0080000000000000       -5.6713812224344101E-002
 -0.98399999999999999       -6.2237841994730841E-002
 -0.95999999999999996       -6.8105021012147215E-002
 -0.93599999999999994       -7.4318562164549545E-002
 -0.91199999999999992       -8.0880242538731592E-002
 -0.88799999999999990       -8.7790354206346358E-002
 -0.86399999999999988       -9.5047665204844242E-002
 -0.83999999999999986      -0.10264939087314494     
 -0.81599999999999984      -0.11059117559052893     
 -0.79199999999999982      -0.11886708486273245     
 -0.76799999999999979      -0.12746960760231865     
 -0.74399999999999977      -0.13638966836207547     
 -0.71999999999999975      -0.14561664920060441     
 -0.69599999999999973      -0.15513842078899778     
 -0.67199999999999971      -0.16494138230623531     
 -0.64799999999999969      -0.17501050961883621     
 -0.62399999999999967      -0.18532941119674978     
 -0.59999999999999964      -0.19588039118238529     
 -0.57599999999999962      -0.20664451900215863     
 -0.55199999999999960      -0.21760170488973171     
 -0.52799999999999958      -0.22873078067619071     
 -0.50399999999999956      -0.24000958519463717     
 -0.47999999999999954      -0.25141505364367467     
 -0.45599999999999952      -0.26292331025614341     
 -0.43199999999999950      -0.27450976362509999     
 -0.40799999999999947      -0.28614920404822058     
 -0.38399999999999945      -0.29781590226375787     
 -0.36000000000000032      -0.30948370896602861     
 -0.33600000000000030      -0.32112615450533960     
 -0.31200000000000028      -0.33271654819643909     
 -0.28800000000000026      -0.34422807668082062     
 -0.26400000000000023      -0.35563390081134677     
 -0.24000000000000021      -0.36690725055301832     
 -0.21600000000000019      -0.37802151742113149     
 -0.19200000000000017      -0.38895034400771344     
 -0.16800000000000015      -0.39966771017925762     
 -0.14400000000000013      -0.41014801556330355     
 -0.12000000000000011      -0.42036615797854832     
  -9.6000000000000085E-002 -0.43029760750265439     
  -7.2000000000000064E-002 -0.43991847591391009     
  -4.8000000000000043E-002 -0.44920558128696142     
  -2.4000000000000021E-002 -0.45813650756864677     
   0.0000000000000000      -0.46668965900713866     
   2.4000000000000021E-002 -0.47484430935546723     
   4.8000000000000043E-002 -0.48258064581838672     
   7.2000000000000064E-002 -0.48987980775874262     
   9.6000000000000085E-002 -0.49672392022533207     
  0.12000000000000011      -0.50309612240744994     
  0.14400000000000013      -0.50898059116196426     
  0.16800000000000015      -0.51436255979512724     
  0.19200000000000017      -0.51922833231379995     
  0.21600000000000019      -0.52356529338800373     
  0.24000000000000021      -0.52736191428914958     
  0.26400000000000023      -0.53060775508502711     
  0.28800000000000026      -0.53329346338417272     
  0.31200000000000028      -0.53541076992861625     
  0.33600000000000030      -0.53695248133495121     
  0.36000000000000032      -0.53791247028060352     
  0.38400000000000034      -0.53828566342441797     
  0.40800000000000036      -0.53806802733968484     
  0.43200000000000038      -0.53725655272348627     
  0.45600000000000041      -0.53584923712982602     
  0.48000000000000043      -0.53384506645560814     
  0.50400000000000045      -0.53124399538896905     
  0.52800000000000047      -0.52804692700936329     
  0.55200000000000049      -0.52425569170831232     
  0.57600000000000051      -0.51987302557959902     
  0.60000000000000053      -0.51490254840817273     
  0.62400000000000055      -0.50934874136833475     
  0.64800000000000058      -0.50321692452425792     
  0.67199999999999971      -0.49651323420965243     
  0.69599999999999973      -0.48924460034854877     
  0.71999999999999975      -0.48141872376578504     
  0.74399999999999977      -0.47304405352390461     
  0.76799999999999979      -0.46412976431273983     
  0.79199999999999982      -0.45468573390891692     
  0.81599999999999984      -0.44472252071491364     
  0.83999999999999986      -0.43425134138089055     
  0.86399999999999988      -0.42328404850728041     
  0.88799999999999990      -0.41183310842198850     
  0.91199999999999992      -0.39991157902291252     
  0.93599999999999994      -0.38753308767415745     
  0.95999999999999996      -0.37471180914268654     
  0.98399999999999999      -0.36146244356144663     
   1.0080000000000000      -0.34780019440443394     
   1.0320000000000000      -0.33374074645955154     
   1.0560000000000000      -0.31930024378553190     
   1.0800000000000001      -0.30449526764010248     
   1.1040000000000001      -0.28934281436788434     
   1.1280000000000001      -0.27386027323761652     
   1.1520000000000001      -0.25806540422015017     
   1.1760000000000002      -0.24197631570004166     
   1.2000000000000002      -0.22561144211550246     
   1.2240000000000002      -0.20898952152310982     
   1.2480000000000002      -0.19212957308555756     
   1.2720000000000002      -0.17505087448247073     
   1.2960000000000003      -0.15777293924610639     
   1.3200000000000003      -0.14031549402547092     
   1.3440000000000003      -0.12269845578402418     
   1.3680000000000003      -0.10494190893783532     
   1.3920000000000003       -8.7066082442462694E-002
   1.4160000000000004       -6.9091326838385578E-002
   1.4400000000000004       -5.1038091266147570E-002
   1.4640000000000004       -3.2926900463627888E-002
   1.4880000000000004       -1.4778331759135342E-002
   1.5120000000000005        3.3870079250146270E-003
   1.5360000000000005        2.1548505042574856E-002
   1.5600000000000005        3.9685562350484226E-002
   1.5840000000000005        5.7777621775428133E-002
   1.6080000000000005        7.5804187201567369E-002
   1.6320000000000006        9.3744847160459319E-002
   1.6560000000000006       0.11157929740362509     
   1.6799999999999997       0.12928736333761673     
   1.7039999999999997       0.14684902230110122     
   1.7279999999999998       0.16424442566306213     
   1.7519999999999998       0.18145392072091832     
   1.7759999999999998       0.19845807237713620     
   1.7999999999999998       0.21523768457272566     
   1.8239999999999998       0.23177382145595868     
   1.8479999999999999       0.24804782826455932     
   1.8719999999999999       0.26404135189964972     
   1.8959999999999999       0.27973636116976730     
   1.9199999999999999       0.29511516668348786     
   1.9440000000000000       0.31016044036920681     
   1.9680000000000000       0.32485523460100058     
   1.9920000000000000       0.33918300090966558     
   2.0160000000000000       0.35312760825833966     
   2.0400000000000009       0.36667336086253571     
   2.0640000000000001       0.37980501553466811     
   2.0880000000000010       0.39250779853374057     
   2.1120000000000001       0.40476742190119858     
   2.1360000000000010       0.41657009926449778     
   2.1600000000000001       0.42790256109044061     
   2.1840000000000011       0.43875206937092870     
   2.2080000000000002       0.44910643172433723     
   2.2319999999999993       0.45895401489632393     
   2.2560000000000002       0.46828375764453667     
   2.2799999999999994       0.47708518299234259     
   2.3040000000000003       0.48534840983739375     
   2.3279999999999994       0.49306416390153263     
   2.3520000000000003       0.50022378800928169     
   2.3759999999999994       0.50681925168291952     
   2.4000000000000004       0.51284316004284880     
   2.4239999999999995       0.51828876200285512     
   2.4480000000000004       0.52314995775047246     
   2.4719999999999995       0.52742130550370558     
   2.4960000000000004       0.53109802753594026     
   2.5199999999999996       0.53417601546188265     
   2.5440000000000005       0.53665183477811185     
   2.5679999999999996       0.53852272865273398     
   2.5920000000000005       0.53978662095939678     
   2.6159999999999997       0.54044211855192836     
   2.6400000000000006       0.54048851277653631     
   2.6639999999999997       0.53992578021959703     
   2.6880000000000006       0.53875458268970611     
   2.7119999999999997       0.53697626643373764     
   2.7360000000000007       0.53459286058743760     
   2.7599999999999998       0.53160707486190029     
   2.7840000000000007       0.52802229646831145     
   2.8079999999999998       0.52384258628401470     
   2.8320000000000007       0.51907267426402104     
   2.8559999999999999       0.51371795410275944     
   2.8800000000000008       0.50778447715187791     
   2.9039999999999999       0.50127894560067743     
   2.9280000000000008       0.49420870492658120     
   2.9520000000000000       0.48658173562395585     
   2.9760000000000009       0.47840664422035439     
   3.0000000000000000       0.46969265359009443     
   3.0240000000000009       0.46044959257589085     
   3.0480000000000000       0.45068788493002354     
   3.0720000000000010       0.44041853758735988     
   3.0960000000000001       0.42965312828321994     
   3.1200000000000010       0.41840379252992832     
   3.1440000000000001       0.40668320996651430     
   3.1680000000000010       0.39450459009685640     
   3.1920000000000002       0.38188165743215069     
   3.2160000000000011       0.36882863605433408     
   3.2400000000000002       0.35536023361774238     
   3.2639999999999993       0.34149162480689077     
   3.2880000000000003       0.32723843426894533     
   3.3119999999999994       0.31261671903994692     
   3.3360000000000003       0.29764295048456030     
   3.3599999999999994       0.28233399576958046     
   3.3840000000000003       0.26670709889196736     
   3.4079999999999995       0.25077986128274354     
   3.4320000000000004       0.23457022200847641     
   3.4559999999999995       0.21809643759265454     
   3.4800000000000004       0.20137706147956452     
   3.5039999999999996       0.18443092316378595     
   3.5280000000000005       0.16727710700873613     
   3.5519999999999996       0.14993493077808359     
   3.5760000000000005       0.13242392390416796     
   3.5999999999999996       0.11476380551789515     
   3.6240000000000006        9.6974462264726752E-002
   3.6479999999999997        7.9075925931833435E-002
   3.6720000000000006        6.1088350911492048E-002
   3.6959999999999997        4.3031991526129999E-002
   3.7200000000000006        2.4927179240501512E-002
   3.7439999999999998        6.7942997866523649E-003
   3.7680000000000007       -1.1346229772576677E-002
   3.7919999999999998       -2.9473984015714438E-002
   3.8160000000000007       -4.7568552144609103E-002
   3.8399999999999999       -6.5609560950327134E-002
   3.8640000000000008       -8.3576697737118233E-002
   3.8879999999999999      -0.10144973317865413     
   3.9120000000000008      -0.11920854408081832     
   3.9359999999999999      -0.13683313602538738     
   3.9600000000000009      -0.15430366586916203     
   3.9840000000000000      -0.17160046407316393     
   4.0080000000000009      -0.18870405683677513     
   4.0320000000000000      -0.20559518801191351     
   4.0560000000000009      -0.22225484077255067     
   4.0800000000000001      -0.23866425901515290     
   4.1040000000000010      -0.25480496846598710     
   4.1280000000000001      -0.27065879747150062     
   4.1520000000000010      -0.28620789744835251     
   4.1760000000000002      -0.30143476297007993     
   4.2000000000000011      -0.31632225146777337     
   4.2240000000000002      -0.33085360252257845     
   4.2479999999999993      -0.34501245672827779     
   4.2720000000000002      -0.35878287410272552     
   4.2959999999999994      -0.37214935202741328     
   4.3200000000000003      -0.38509684269492123     
   4.3439999999999994      -0.39761077004463574     
   4.3680000000000003      -0.40967704616763351     
   4.3919999999999995      -0.42128208716229304     
   4.4160000000000004      -0.43241282842272311     
   4.4399999999999995      -0.44305673934283540     
   4.4640000000000004      -0.45320183741946213     
   4.4879999999999995      -0.46283670173865349     
   4.5120000000000005      -0.47195048582995447     
   4.5359999999999996      -0.48053292987419893     
   4.5600000000000005      -0.48857437225102279     
   4.5839999999999996      -0.49606576041315215     
   4.6080000000000005      -0.50299866107514302     
   4.6319999999999997      -0.50936526970519980     
   4.6560000000000006      -0.51515841930922024     
   4.6799999999999997      -0.52037158849735976     
   4.7040000000000006      -0.52499890882384670     
   4.7279999999999998      -0.52903517139190759     
   4.7520000000000007      -0.53247583271630983     
   4.7759999999999998      -0.53531701983689306     
   4.8000000000000007      -0.53755553467737627     
   4.8239999999999998      -0.53918885764449231     
   4.8480000000000008      -0.54021515046338164     
   4.8719999999999999      -0.54063325824610453     
   4.8960000000000008      -0.54044271079086414     
   4.9199999999999999      -0.53964372311052056     
   4.9440000000000008      -0.53823719518977364     
   4.9680000000000000      -0.53622471097130686     
   4.9920000000000009      -0.53360853657199747     
   5.0160000000000000      -0.53039161773121601     
   5.0400000000000009      -0.52657757649407655     
   5.0640000000000001      -0.52217070713336333     
   5.0880000000000010      -0.51717597131475024     
   5.1120000000000001      -0.51159899251068819     
   5.1360000000000010      -0.50544604966932982     
   5.1600000000000001      -0.49872407014552250     
   5.1840000000000011      -0.49144062190192506     
   5.2080000000000002      -0.48360390498892875     
   5.2320000000000011      -0.47522274231303324     
   5.2560000000000002      -0.46630656970404771     
   5.2799999999999994      -0.45686542529230284     
   5.3040000000000003      -0.44690993820780628     
   5.3279999999999994      -0.43645131661410969     
   5.3520000000000003      -0.42550133509028787     
   5.3759999999999994      -0.41407232137530842     
   5.4000000000000004      -0.40217714248965419     
   5.4239999999999995      -0.38982919024985307     
   5.4480000000000004      -0.37704236619219872     
   5.4719999999999995      -0.36383106592266073     
   5.4960000000000004      -0.35021016291056872     
   5.5199999999999996      -0.33619499174435025     
   5.5440000000000005      -0.32180133086812918     
   5.5679999999999996      -0.30704538481865895     
   5.5920000000000005      -0.29194376598255961     
   5.6159999999999997      -0.27651347589440661     
   5.6400000000000006      -0.26077188609672314     
   5.6639999999999997      -0.24473671858342105     
   5.6880000000000006      -0.22842602584870805     
   5.7119999999999997      -0.21185817056391873     
   5.7360000000000007      -0.19505180490514984     
   5.7599999999999998      -0.17802584955497328     
   5.7840000000000007      -0.16079947240186282     
   5.8079999999999998      -0.14339206696131665     
   5.8320000000000007      -0.12582323054296571     
   5.8559999999999999      -0.10811274218825231     
   5.8800000000000008       -9.0280540403507081E-002
   5.9039999999999999       -7.2346700713500411E-002
   5.9280000000000008       -5.4331413060735037E-002
   5.9520000000000000       -3.6254959075921050E-002
   5.9760000000000009       -1.8137689245225855E-002
