  -6.0000000000000000        5.2635440295519266E-266
  -5.9760000000000000        5.9950210878362219E-262
  -5.9520000000000000        3.8857620591158886E-258
  -5.9279999999999999        9.8455142828333328E-255
  -5.9039999999999999        1.3626792510320285E-250
  -5.8799999999999999        3.7163928909998715E-246
  -5.8559999999999999        5.1237606322745916E-243
  -5.8319999999999999        1.1234335001396497E-238
  -5.8079999999999998        6.9158062449684517E-235
  -5.7839999999999998        4.8674952522870459E-231
  -5.7599999999999998        3.6822199846728983E-227
  -5.7359999999999998        1.9186943392748930E-224
  -5.7119999999999997        5.6402394680516282E-220
  -5.6879999999999997        3.0098251862530596E-216
  -5.6639999999999997        4.3802430517465052E-213
  -5.6399999999999997        5.9481876880465462E-210
  -5.6159999999999997        1.1407867862079131E-205
  -5.5919999999999996        3.9433294604090577E-202
  -5.5679999999999996        7.5264926424783979E-199
  -5.5439999999999996       -4.2309533767946987E-196
  -5.5199999999999996        6.1188509457047509E-192
  -5.4960000000000004        2.6462078709829178E-188
  -5.4719999999999995        5.0742666802077329E-185
  -5.4480000000000004       -7.0377370783208641E-183
  -5.4239999999999995        1.7246397014435243E-178
  -5.4000000000000004        2.2832215567374153E-175
  -5.3760000000000003       -1.8337993103595590E-172
  -5.3520000000000003        1.6163634816591229E-168
  -5.3280000000000003        7.0253400883929398E-166
  -5.3040000000000003        1.1390796395813882E-162
  -5.2800000000000002        2.7669905396801670E-159
  -5.2560000000000002       -1.4677824207873519E-158
  -5.2320000000000002        3.9069568833095656E-153
  -5.2080000000000002        1.6793457312618860E-150
  -5.1840000000000002        2.4243230399700595E-147
  -5.1600000000000001        5.0015913712213099E-144
  -5.1360000000000001        1.7393745170188997E-141
  -5.1120000000000001        3.3206594232410768E-139
  -5.0880000000000001        1.6104384633515488E-135
  -5.0640000000000001        6.8768006895719176E-133
  -5.0400000000000000        8.2457179549156128E-131
  -5.0160000000000000        1.0981950005234489E-127
  -4.9920000000000000        1.2491555430483413E-124
  -4.9680000000000000        8.5015936409503681E-122
  -4.9440000000000000        3.8004450203086866E-119
  -4.9199999999999999        1.7344620158413722E-116
  -4.8959999999999999       -1.0461958277389066E-114
  -4.8719999999999999        2.4193545203523007E-111
  -4.8479999999999999        8.7795693833308435E-109
  -4.8239999999999998       -2.1479077780200440E-106
  -4.7999999999999998        9.7907609161059898E-104
  -4.7759999999999998        7.9438636520925289E-101
  -4.7519999999999998        9.8680466223714992E-099
  -4.7279999999999998        4.8099363599859312E-096
  -4.7039999999999997        7.2393531842513471E-094
  -4.6799999999999997        2.1515919914433018E-092
  -4.6559999999999997        1.5227692230656968E-089
  -4.6319999999999997        3.9841521112451675E-087
  -4.6079999999999997        3.3085585246841907E-085
  -4.5839999999999996        1.1159046613035253E-083
  -4.5600000000000005        1.6829515027660376E-081
  -4.5359999999999996       -8.5349449852158670E-079
  -4.5120000000000005        2.8758529803217438E-076
  -4.4879999999999995        3.0335426706703850E-074
  -4.4640000000000004        1.0308336931304328E-071
  -4.4399999999999995       -2.5515099853692483E-070
  -4.4160000000000004        1.0693238977767539E-067
  -4.3919999999999995        1.5675362059464244E-065
  -4.3680000000000003        1.8133548502657079E-064
  -4.3439999999999994        4.6783326477452852E-063
  -4.3200000000000003        5.5489393902677029E-060
  -4.2960000000000003        8.8644923258638834E-059
  -4.2720000000000002        1.0495857945643509E-056
  -4.2480000000000002        4.1163297728459845E-055
  -4.2240000000000002        1.5897524060287215E-052
  -4.2000000000000002       -1.9694231384712666E-051
  -4.1760000000000002        1.8741251292380231E-049
  -4.1520000000000001        6.8571556526492598E-048
  -4.1280000000000001        9.8509136646706219E-047
  -4.1040000000000001        5.4984211634039317E-045
  -4.0800000000000001        2.9812028695291970E-043
  -4.0560000000000000        1.1403894855470892E-041
  -4.0320000000000000        7.1994777507353014E-040
  -4.0080000000000000        1.6195525119898089E-038
  -3.9840000000000000        4.0892300711044045E-037
  -3.9600000000000000        1.0604835644860847E-035
  -3.9359999999999999        1.2768700404481132E-034
  -3.9119999999999999        4.7904920315910609E-033
  -3.8879999999999999        6.8798888005184136E-032
  -3.8639999999999999        2.5616000700360058E-030
  -3.8399999999999999        1.9940307433897179E-029
  -3.8159999999999998       -8.0104997531348131E-029
  -3.7919999999999998        2.6894937487905059E-027
  -3.7679999999999998        4.7613650387282699E-026
  -3.7439999999999998        6.6393721936858615E-025
  -3.7199999999999998        5.2018948843408283E-024
  -3.6959999999999997        5.1599975641489985E-023
  -3.6720000000000002        4.3059167480513662E-022
  -3.6480000000000001        8.7397676678703153E-022
  -3.6240000000000001        1.4036539344480124E-020
  -3.6000000000000001        1.0706644559337763E-019
  -3.5760000000000001        5.0081354499405060E-019
  -3.5520000000000000        2.3859824200422392E-018
  -3.5280000000000000        8.0667111459024526E-018
  -3.5040000000000000        1.0610097237128823E-017
  -3.4800000000000000        1.0322189579073425E-016
  -3.4560000000000000        1.8612919114094610E-016
  -3.4319999999999999        1.9077700790290286E-016
  -3.4079999999999999        8.9508501097750053E-017
  -3.3839999999999999       -7.2040037674939225E-017
  -3.3599999999999999        4.4249886152284213E-017
  -3.3359999999999999        3.5040029644896796E-016
  -3.3119999999999998        4.4234287601559091E-017
  -3.2879999999999998       -5.7222541507803584E-017
  -3.2639999999999998       -4.8813771179040896E-016
  -3.2399999999999998        1.7893376537893608E-016
  -3.2159999999999997        1.7234710964416037E-017
  -3.1919999999999997        3.6341014654429526E-016
  -3.1680000000000001       -6.1000415370136524E-016
  -3.1440000000000001        1.5018534830126742E-016
  -3.1200000000000001        6.1245535478324237E-016
  -3.0960000000000001        6.9016647219424636E-016
  -3.0720000000000001        1.1682839291336923E-015
  -3.0480000000000000        4.4279368351586285E-016
  -3.0240000000000000       -2.9654106388231913E-016
  -3.0000000000000000        1.5064764304625137E-015
  -2.9760000000000000       -6.0478971950654390E-016
  -2.9520000000000000        2.3300539526039468E-015
  -2.9279999999999999        4.9716870465209884E-015
  -2.9039999999999999        1.1675660865947485E-014
  -2.8799999999999999        3.5891623955953740E-014
  -2.8559999999999999        1.0049377520021482E-013
  -2.8319999999999999        2.7896387760091370E-013
  -2.8079999999999998        7.5498442615173521E-013
  -2.7839999999999998        1.9759127802692772E-012
  -2.7599999999999998        5.0245678157547681E-012
  -2.7359999999999998        1.2406631937726328E-011
  -2.7119999999999997        2.9789769373036365E-011
  -2.6879999999999997        6.9612669055066734E-011
  -2.6640000000000001        1.5842147029057538E-010
  -2.6400000000000001        3.5140179628889725E-010
  -2.6160000000000001        7.6026616116951516E-010
  -2.5920000000000001        1.6055068371515692E-009
  -2.5680000000000001        3.3117010748592705E-009
  -2.5440000000000000        6.6769868127589333E-009
  -2.5200000000000000        1.3167204420130643E-008
  -2.4960000000000000        2.5414099234098632E-008
  -2.4720000000000000        4.8039906418457505E-008
  -2.4480000000000000        8.8991072844607166E-008
  -2.4239999999999999        1.6164834752669926E-007
  -2.3999999999999999        2.8809333274646208E-007
  -2.3759999999999999        5.0405952604890525E-007
  -2.3519999999999999        8.6628292557680198E-007
  -2.3279999999999998        1.4631968737558619E-006
  -2.3039999999999998        2.4301879056756457E-006
  -2.2799999999999998        3.9709402781952895E-006
  -2.2559999999999998        6.3867368187683594E-006
  -2.2319999999999998        1.0115937671355643E-005
  -2.2079999999999997        1.5786202713105854E-005
  -2.1839999999999997        2.4282328567788885E-005
  -2.1600000000000001        3.6832799263435515E-005
  -2.1360000000000001        5.5118259169330727E-005
  -2.1120000000000001        8.1405061648470655E-005
  -2.0880000000000001        1.1870678162702832E-004
  -2.0640000000000001        1.7097606309384255E-004
  -2.0400000000000000        2.4332836950704547E-004
  -2.0160000000000000        3.4229809485873431E-004
  -1.9920000000000000        4.7612607081091383E-004
  -1.9680000000000000        6.5507578559215619E-004
  -1.9440000000000000        8.9177365044081156E-004
  -1.9199999999999999        1.2015664693558038E-003
  -1.8959999999999999        1.6028869699073573E-003
  -1.8719999999999999        2.1176159392285333E-003
  -1.8479999999999999        2.7714272972300474E-003
  -1.8239999999999998        3.5941004563783195E-003
  -1.7999999999999998        4.6197826942745556E-003
  -1.7759999999999998        5.8871831276222746E-003
  -1.7519999999999998        7.4396793381585509E-003
  -1.7279999999999998        9.3253178563661131E-003
  -1.7039999999999997        1.1596690625498418E-002
  -1.6799999999999997        1.4310671283793845E-002
  -1.6559999999999997        1.7527997617635731E-002
  -1.6319999999999997        2.1312689819428656E-002
  -1.6079999999999997        2.5731298159321327E-002
  -1.5839999999999996        3.0851978245717702E-002
  -1.5599999999999996        3.6743397071332930E-002
  -1.5359999999999996        4.3473478361030382E-002
  -1.5119999999999996        5.1108001179297098E-002
  -1.4879999999999995        5.9709071133733006E-002
  -1.4639999999999995        6.9333488639224547E-002
  -1.4399999999999995        8.0031043404314661E-002
  -1.4159999999999995        9.1842768398927868E-002
  -1.3919999999999995       0.10479918991284703     
  -1.3680000000000003       0.11891861279393674     
  -1.3440000000000003       0.13420548147070790     
  -1.3200000000000003       0.15064885785285428     
  -1.2960000000000003       0.16822105663808032     
  -1.2720000000000002       0.18687647693752260     
  -1.2480000000000002       0.20655066650263390     
  -1.2240000000000002       0.22715965125901011     
  -1.2000000000000002       0.24859955841933493     
  -1.1760000000000002       0.27074655627280086     
  -1.1520000000000001       0.29345712796349399     
  -1.1280000000000001       0.31656869031983276     
  -1.1040000000000001       0.33990056223371273     
  -1.0800000000000001       0.36325528036680288     
  -1.0560000000000000       0.38642025323709889     
  -1.0320000000000000       0.40916973815984997     
  -1.0080000000000000       0.43126711922360605     
 -0.98399999999999999       0.45246745860203463     
 -0.95999999999999996       0.47252028814935004     
 -0.93599999999999994       0.49117260349860975     
 -0.91199999999999992       0.50817201885816277     
 -0.88799999999999990       0.52327003744395206     
 -0.86399999999999988       0.53622539003773084     
 -0.83999999999999986       0.54680739254976996     
 -0.81599999999999984       0.55479927269727591     
 -0.79199999999999982       0.56000141597958164     
 -0.76799999999999979       0.56223448201543202     
 -0.74399999999999977       0.56134234397042837     
 -0.71999999999999975       0.55719480619671424     
 -0.69599999999999973       0.54969005827433026     
 -0.67199999999999971       0.53875682731851571     
 -0.64799999999999969       0.52435619462693928     
 -0.62399999999999967       0.50648304740771100     
 -0.59999999999999964       0.48516714137227213     
 -0.57599999999999962       0.46047375531370943     
 -0.55199999999999960       0.43250392433706852     
 -0.52799999999999958       0.40139424408097535     
 -0.50399999999999956       0.36731624398794127     
 -0.47999999999999954       0.33047533336507495     
 -0.45599999999999952       0.29110932955249347     
 -0.43199999999999950       0.24948658291207443     
 -0.40799999999999947       0.20590371849756503     
 -0.38399999999999945       0.16068301910714061     
 -0.36000000000000032       0.11416947889521202     
 -0.33600000000000030        6.6727560781671844E-002
 -0.31200000000000028        1.8737694499655878E-002
 -0.28800000000000026       -2.9407444769695715E-002
 -0.26400000000000023       -7.7306834646580280E-002
 -0.24000000000000021      -0.12455513612697537     
 -0.21600000000000019      -0.17074681046120788     
 -0.19200000000000017      -0.21548027543104270     
 -0.16800000000000015      -0.25836205381579980     
 -0.14400000000000013      -0.29901086710991387     
 -0.12000000000000011      -0.33706162839055975     
  -9.6000000000000085E-002 -0.37216928961555029     
  -7.2000000000000064E-002 -0.40401250053311932     
  -4.8000000000000043E-002 -0.43229703877394199     
  -2.4000000000000021E-002 -0.45675897353370398     
   0.0000000000000000      -0.47716752849799016     
   2.4000000000000021E-002 -0.49332761326153224     
   4.8000000000000043E-002 -0.50508199639916918     
   7.2000000000000064E-002 -0.51231309750068788     
   9.6000000000000085E-002 -0.51494437982967267     
  0.12000000000000011      -0.51294132974976181     
  0.14400000000000013      -0.50631201362338918     
  0.16800000000000015      -0.49510720747214132     
  0.19200000000000017      -0.47942009924107226     
  0.21600000000000019      -0.45938556798090263     
  0.24000000000000021      -0.43517904860542378     
  0.26400000000000023      -0.40701499505365230     
  0.28800000000000026      -0.37514495864941255     
  0.31200000000000028      -0.33985530217089666     
  0.33600000000000030      -0.30146457359046447     
  0.36000000000000032      -0.26032056659546710     
  0.38400000000000034      -0.21679709783383583     
  0.40800000000000036      -0.17129053332667435     
  0.43200000000000038      -0.12421609864130109     
  0.45600000000000041       -7.6004009212404286E-002
  0.48000000000000043       -2.7095458629676442E-002
  0.50400000000000045        2.2061496226339364E-002
  0.52800000000000047        7.1016113623372706E-002
  0.55200000000000049       0.11931916908671059     
  0.57600000000000051       0.16652714130912888     
  0.60000000000000053       0.21220634238463534     
  0.62400000000000055       0.25593695363121821     
  0.64800000000000058       0.29731692934875009     
  0.67199999999999971       0.33596573226582160     
  0.69599999999999973       0.37152786614903144     
  0.71999999999999975       0.40367617306342285     
  0.74399999999999977       0.43211486506504176     
  0.76799999999999979       0.45658226265488266     
  0.79199999999999982       0.47685321510578782     
  0.81599999999999984       0.49274118076552403     
  0.83999999999999986       0.50409994861424789     
  0.86399999999999988       0.51082498568564805     
  0.88799999999999990       0.51285439841897751     
  0.91199999999999992       0.51016949956436464     
  0.93599999999999994       0.50279497588486632     
  0.95999999999999996       0.49079865555457486     
  0.98399999999999999       0.47429087781030971     
   1.0080000000000000       0.45342347104334968     
   1.0320000000000000       0.42838834908489448     
   1.0560000000000000       0.39941573891336174     
   1.0800000000000001       0.36677205636214910     
   1.1040000000000001       0.33075744960351477     
   1.1280000000000001       0.29170303319905805     
   1.1520000000000001       0.24996783831325284     
   1.1760000000000002       0.20593550725813961     
   1.2000000000000002       0.16001076285156571     
   1.2240000000000002       0.11261568510772313     
   1.2480000000000002        6.4185829518258339E-002
   1.2720000000000002        1.5166222609801834E-002
   1.2960000000000003       -3.3992728434221325E-002
   1.3200000000000003       -8.2839374532564847E-002
   1.3440000000000003      -0.13092497386638260     
   1.3680000000000003      -0.17780781338256330     
   1.3920000000000003      -0.22305726485041957     
   1.4160000000000004      -0.26625773829482774     
   1.4400000000000004      -0.30701249658081609     
   1.4640000000000004      -0.34494729620679249     
   1.4880000000000004      -0.37971382096464523     
   1.5120000000000005      -0.41099287703009602     
   1.5360000000000005      -0.43849732023873533     
   1.5600000000000005      -0.46197468876208725     
   1.5840000000000005      -0.48120951710159632     
   1.6080000000000005      -0.49602531024156343     
   1.6320000000000006      -0.50628615991859360     
   1.6560000000000006      -0.51189798824628141     
   1.6799999999999997      -0.51280940734970526     
   1.7039999999999997      -0.50901218718378749     
   1.7279999999999998      -0.50054132730030254     
   1.7519999999999998      -0.48747473195768459     
   1.7759999999999998      -0.46993249160242012     
   1.7999999999999998      -0.44807577735740950     
   1.8239999999999998      -0.42210535869859661     
   1.8479999999999999      -0.39225975795335444     
   1.8719999999999999      -0.35881305858161933     
   1.8959999999999999      -0.32207238737250049     
   1.9199999999999999      -0.28237509367647329     
   1.9440000000000000      -0.24008565156865191     
   1.9680000000000000      -0.19559231337669739     
   1.9920000000000000      -0.14930354528440759     
   2.0160000000000000      -0.10164427771799021     
   2.0400000000000009       -5.3052004918158431E-002
   2.0640000000000001       -3.9727694822275401E-003
   2.0880000000000010        4.5142931287011724E-002
   2.1120000000000001        9.3844279673444747E-002
   2.1360000000000010       0.14168427455783625     
   2.1600000000000001       0.18822383319966210     
   2.1840000000000011       0.23303582016885502     
   2.2080000000000002       0.27570896647511128     
   2.2319999999999993       0.31585164295069812     
   2.2560000000000002       0.35309545328055308     
   2.2799999999999994       0.38709861372845145     
   2.3040000000000003       0.41754908856536066     
   2.3279999999999994       0.44416745244740252     
   2.3520000000000003       0.46670945349594956     
   2.3759999999999994       0.48496825357809292     
   2.4000000000000004       0.49877632524688698     
   2.4239999999999995       0.50800698795047494     
   2.4480000000000004       0.51257556942812055     
   2.4719999999999995       0.51244018164941707     
   2.4960000000000004       0.50760210418870100     
   2.5199999999999996       0.49810577152771951     
   2.5440000000000005       0.48403836441256659     
   2.5679999999999996       0.46552900902296535     
   2.5920000000000005       0.44274759130933194     
   2.6159999999999997       0.41590319738309223     
   2.6400000000000006       0.38524219427577339     
   2.6639999999999997       0.35104596868120896     
   2.6880000000000006       0.31362834443239956     
   2.7119999999999997       0.27333270241140134     
   2.7360000000000007       0.23052882932012081     
   2.7599999999999998       0.18560952422680835     
   2.7840000000000007       0.13898699402496320     
   2.8079999999999998        9.1089070877365064E-002
   2.8320000000000007        4.2355286350811983E-002
   2.8559999999999999       -6.7671617385388974E-003
   2.8800000000000008       -5.5827512765370693E-002
   2.9039999999999999      -0.10437557937263608     
   2.9280000000000008      -0.15196587823870511     
   2.9520000000000000      -0.19816171763589074     
   2.9760000000000009      -0.24253920427854550     
   3.0000000000000000      -0.28469113269978102     
   3.0240000000000009      -0.32423072147373755     
   3.0480000000000000      -0.36079516200574657     
   3.0720000000000010      -0.39404894733246965     
   3.0960000000000001      -0.42368695039262200     
   3.1200000000000010      -0.44943722352754728     
   3.1440000000000001      -0.47106349352860005     
   3.1680000000000010      -0.48836732934179322     
   3.1920000000000002      -0.50118996254337300     
   3.2160000000000011      -0.50941374388593763     
   3.2400000000000002      -0.51296322255360149     
   3.2639999999999993      -0.51180583822645420     
   3.2880000000000003      -0.50595221960686088     
   3.3119999999999994      -0.49545608667088831     
   3.3360000000000003      -0.48041375754384735     
   3.3599999999999994      -0.46096326452652564     
   3.3840000000000003      -0.43728308738456156     
   3.4079999999999995      -0.40959051552508330     
   3.4320000000000004      -0.37813965408946909     
   3.4559999999999995      -0.34321909225823810     
   3.4800000000000004      -0.30514925516313984     
   3.5039999999999996      -0.26427946370433364     
   3.5280000000000005      -0.22098472925051721     
   3.5519999999999996      -0.17566231263219645     
   3.5760000000000005      -0.12872807900084701     
   3.5999999999999996       -8.0612681999590693E-002
   3.6240000000000006       -3.1757612257015372E-002
   3.6479999999999997        1.7388853539489782E-002
   3.6720000000000006        6.6375765822386953E-002
   3.6959999999999997       0.11475363983498343     
   3.7200000000000006       0.16207857987042623     
   3.7439999999999998       0.20791635221765559     
   3.7680000000000007       0.25184636944419181     
   3.7919999999999998       0.29346554945899184     
   3.8160000000000007       0.33239201394772977     
   3.8399999999999999       0.36826859224663255     
   3.8640000000000008       0.40076609850619871     
   3.8879999999999999       0.42958635207631862     
   3.9120000000000008       0.45446491340032186     
   3.9359999999999999       0.47517351031582616     
   3.9600000000000009       0.49152213250082299     
   3.9840000000000000       0.50336077484840747     
   4.0080000000000009       0.51058081377465603     
   4.0320000000000000       0.51311600383215128     
   4.0560000000000009       0.51094308548549372     
   4.0800000000000001       0.50408199847275903     
   4.1040000000000010       0.49259569879586168     
   4.1280000000000001       0.47658958101943211     
   4.1520000000000010       0.45621051117939732     
   4.1760000000000002       0.43164547917509455     
   4.2000000000000011       0.40311988301016366     
   4.2240000000000002       0.37089546062534207     
   4.2479999999999993       0.33526788829969340     
   4.2720000000000002       0.29656406765619309     
   4.2959999999999994       0.25513912616467060     
   4.3200000000000003       0.21137315866388376     
   4.3439999999999994       0.16566773980071411     
   4.3680000000000003       0.11844223938635609     
   4.3919999999999995        7.0129974477664420E-002
   4.4160000000000004        2.1174233489896537E-002
   4.4399999999999995       -2.7975791178770949E-002
   4.4640000000000004       -7.6869124691139684E-002
   4.4879999999999995      -0.12505714766652179     
   4.5120000000000005      -0.17209771246108921     
   4.5359999999999996      -0.21755920006461443     
   4.5600000000000005      -0.26102448038997872     
   4.5839999999999996      -0.30209473961833266     
   4.6080000000000005      -0.34039313948254862     
   4.6319999999999997      -0.37556827491376288     
   4.6560000000000006      -0.40729739832570644     
   4.6799999999999997      -0.43528938095299169     
   4.7040000000000006      -0.45928738407190428     
   4.7279999999999998      -0.47907121559439819     
   4.7520000000000007      -0.49445935041267802     
   4.7759999999999998      -0.50531059595707029     
   4.8000000000000007      -0.51152538768514311     
   4.8239999999999998      -0.51304670261561691     
   4.8480000000000008      -0.50986058252509081     
   4.8719999999999999      -0.50199626200728342     
   4.8960000000000008      -0.48952590021983361     
   4.9199999999999999      -0.47256391878018833     
   4.9440000000000008      -0.45126595188575508     
   4.9680000000000000      -0.42582741829150667     
   4.9920000000000009      -0.39648172824784955     
   5.0160000000000000      -0.36349814185095103     
   5.0400000000000009      -0.32717929845611754     
   5.0640000000000001      -0.28785843982297726     
   5.0880000000000010      -0.24589635247132191     
   5.1120000000000001      -0.20167805730282040     
   5.1360000000000010      -0.15560927686277387     
   5.1600000000000001      -0.10811271265628576     
   5.1840000000000011       -5.9624166676056335E-002
   5.2080000000000002       -1.0588542728436599E-002
   5.2320000000000011        3.8544235752742524E-002
   5.2560000000000002        8.7323353948779450E-002
   5.2799999999999994       0.13530124207682104     
   5.3040000000000003       0.18203768203525478     
   5.3279999999999994       0.22710384659364571     
   5.3520000000000003       0.27008623406591076     
   5.3759999999999994       0.31059046236452775     
   5.4000000000000004       0.34824488762372902     
   5.4239999999999995       0.38270401418931693     
   5.4480000000000004       0.41365166468704473     
   5.4719999999999995       0.44080388108291357     
   5.4960000000000004       0.46391153011690478     
   5.5199999999999996       0.48276258920430981     
   5.5440000000000005       0.49718409183051404     
   5.5679999999999996       0.50704371458949771     
   5.5920000000000005       0.51225099130434704     
   5.6159999999999997       0.51275814308970802     
   5.6400000000000006       0.50856051674008063     
   5.6639999999999997       0.49969662742158122     
   5.6880000000000006       0.48624780527548561     
   5.7119999999999997       0.46833744917615761     
   5.7360000000000007       0.44612989449047369     
   5.7599999999999998       0.41982890522756883     
   5.7840000000000007       0.38967580441408567     
   5.8079999999999998       0.35594725984956505     
   5.8320000000000007       0.31895274555860870     
   5.8559999999999999       0.27903170223212620     
   5.8800000000000008       0.23655042271179741     
   5.9039999999999999       0.19189869109479959     
   5.9280000000000008       0.14548620629643877     
   5.9520000000000000        9.7738822886029225E-002
   5.9760000000000009        4.9094643687960696E-002
