  -6.0000000000000000        2.6795470164636487E-266
  -5.9760000000000000        4.5861748272942896E-262
  -5.9520000000000000        2.6178835705945658E-258
  -5.9279999999999999        7.7992001585963107E-255
  -5.9039999999999999        1.5591082685546018E-250
  -5.8799999999999999        1.4749893359602970E-246
  -5.8559999999999999        2.8037474172837335E-243
  -5.8319999999999999        7.8055422940527413E-239
  -5.8079999999999998        5.0742912579116363E-235
  -5.7839999999999998        3.5585317385973117E-231
  -5.7599999999999998        2.3511137941817886E-227
  -5.7359999999999998        2.3578616916681886E-224
  -5.7119999999999997        3.6963570289483752E-220
  -5.6879999999999997        1.8941395900614560E-216
  -5.6639999999999997        2.0613951185807647E-213
  -5.6399999999999997        1.0040950375919080E-210
  -5.6159999999999997        7.6214007067685698E-206
  -5.5919999999999996        2.0142896430624499E-202
  -5.5679999999999996        5.3836890458762502E-199
  -5.5439999999999996        2.7561847863876937E-196
  -5.5199999999999996        4.1615344461394482E-192
  -5.4960000000000004        1.4938743090944738E-188
  -5.4719999999999995        2.3265784367621170E-185
  -5.4480000000000004        1.8597316707878552E-182
  -5.4239999999999995        1.2629927412293588E-178
  -5.4000000000000004        2.2418419873281157E-175
  -5.3760000000000003       -1.3605511804489590E-172
  -5.3520000000000003        1.0109569454157752E-168
  -5.3280000000000003        7.2786397671539184E-166
  -5.3040000000000003        9.3100617843107541E-163
  -5.2800000000000002        1.2949136270117934E-159
  -5.2560000000000002        5.7349094353356153E-157
  -5.2320000000000002        2.0327564073161097E-153
  -5.2080000000000002        1.4418350355561397E-150
  -5.1840000000000002        1.8183004033094557E-147
  -5.1600000000000001        3.3204355473545683E-144
  -5.1360000000000001        1.4955103553577743E-141
  -5.1120000000000001        6.7991918091906954E-139
  -5.0880000000000001        1.2800011218468930E-135
  -5.0640000000000001        1.8787368784056639E-133
  -5.0400000000000000        1.6891650359298079E-130
  -5.0160000000000000        2.3853543324813450E-127
  -4.9920000000000000        6.2608444549507767E-125
  -4.9680000000000000        8.9273184077045537E-122
  -4.9440000000000000        2.9589029951243345E-119
  -4.9199999999999999        3.5720421484748307E-117
  -4.8959999999999999        4.3431271849269074E-114
  -4.8719999999999999        2.2092131956327625E-111
  -4.8479999999999999        1.0625607300480419E-108
  -4.8239999999999998        1.8637619399166196E-106
  -4.7999999999999998        1.6654021738926308E-104
  -4.7759999999999998        5.3316187846557484E-101
  -4.7519999999999998        6.1340859226250058E-099
  -4.7279999999999998        4.4251806070154351E-096
  -4.7039999999999997        3.1872432616588721E-094
  -4.6799999999999997        2.8256246300823438E-092
  -4.6559999999999997        1.6877200712367407E-089
  -4.6319999999999997        2.7538665070813074E-087
  -4.6079999999999997        2.4106483015307353E-085
  -4.5839999999999996        5.2761567002012073E-083
  -4.5600000000000005        6.3910656718475631E-081
  -4.5359999999999996        1.4657705881327221E-078
  -4.5120000000000005        2.3675235488239860E-076
  -4.4879999999999995        1.9834313190578177E-074
  -4.4640000000000004        6.8609760063328796E-072
  -4.4399999999999995        3.9016153455989861E-072
  -4.4160000000000004        6.6856100296316152E-068
  -4.3919999999999995        8.4268860567714862E-066
  -4.3680000000000003        1.5669412728866291E-064
  -4.3439999999999994        8.2146952956575688E-063
  -4.3200000000000003        4.3783515598295667E-060
  -4.2960000000000003        1.4655691013404013E-058
  -4.2720000000000002        1.2605901358075200E-056
  -4.2480000000000002        9.0110580417310694E-055
  -4.2240000000000002        9.6224943701599764E-053
  -4.2000000000000002       -5.5305974324872774E-052
  -4.1760000000000002        1.4495358235780062E-049
  -4.1520000000000001        3.8523928506669612E-048
  -4.1280000000000001        1.6612552841021117E-046
  -4.1040000000000001        3.4553741032553796E-045
  -4.0800000000000001        1.1087335854619404E-043
  -4.0560000000000000        6.1648018041470838E-042
  -4.0320000000000000        3.6267627841303797E-040
  -4.0080000000000000        6.7866933691250376E-039
  -3.9840000000000000        2.7410150292184556E-037
  -3.9600000000000000        6.2721093072059991E-036
  -3.9359999999999999        8.4883846004043180E-035
  -3.9119999999999999        2.5012942278890875E-033
  -3.8879999999999999        5.5687849466654762E-032
  -3.8639999999999999        1.5635406072421027E-030
  -3.8399999999999999        9.5821755462784217E-030
  -3.8159999999999998       -6.9885050996330475E-031
  -3.7919999999999998        2.4444855841978220E-027
  -3.7679999999999998        3.2855369125997460E-026
  -3.7439999999999998        4.2251115797928335E-025
  -3.7199999999999998        3.9556638018788705E-024
  -3.6959999999999997        3.8517987489187458E-023
  -3.6720000000000002        2.1944438880758493E-022
  -3.6480000000000001        1.2350464640884617E-021
  -3.6240000000000001        1.6561847017973319E-020
  -3.6000000000000001        1.1029244962472493E-019
  -3.5760000000000001        1.9278816918822319E-019
  -3.5520000000000000        2.0320031375198172E-018
  -3.5280000000000000        2.3243321996550974E-018
  -3.5040000000000000        8.1962579771441101E-018
  -3.4800000000000000        9.0585152998575000E-017
  -3.4560000000000000        3.2926845902710409E-017
  -3.4319999999999999        2.9968075710588542E-016
  -3.4079999999999999        1.0039922318408203E-016
  -3.3839999999999999       -2.1398067557996379E-016
  -3.3599999999999999       -5.4821630179607943E-016
  -3.3359999999999999       -9.1453993084998548E-016
  -3.3119999999999998       -9.1973067489019740E-016
  -3.2879999999999998        2.4113068269381854E-017
  -3.2639999999999998       -6.7715855194794962E-016
  -3.2399999999999998       -7.4567722814592446E-016
  -3.2159999999999997        1.0090690440794126E-015
  -3.1919999999999997       -6.3877630206838168E-017
  -3.1680000000000001       -7.8045050274787639E-017
  -3.1440000000000001        1.8048190432991901E-017
  -3.1200000000000001        4.0305597190606960E-016
  -3.0960000000000001       -1.1216324481434744E-015
  -3.0720000000000001        5.1774480034728027E-016
  -3.0480000000000000       -2.6637684945857378E-016
  -3.0240000000000000        1.5395028830494074E-015
  -3.0000000000000000        2.5100598799996697E-016
  -2.9760000000000000       -4.4104395974090760E-016
  -2.9520000000000000        2.1777289505691945E-016
  -2.9279999999999999        1.5963667037793592E-015
  -2.9039999999999999        1.7563092759840928E-015
  -2.8799999999999999        8.2064070135671317E-015
  -2.8559999999999999        2.0737289860726668E-014
  -2.8319999999999999        5.8660370252488295E-014
  -2.8079999999999998        1.6364598742790970E-013
  -2.7839999999999998        4.2701545587984489E-013
  -2.7599999999999998        1.0889474890298660E-012
  -2.7359999999999998        2.6924141256169303E-012
  -2.7119999999999997        6.4829253484517960E-012
  -2.6879999999999997        1.5183127130248226E-011
  -2.6640000000000001        3.4645479196344268E-011
  -2.6400000000000001        7.7057256758493973E-011
  -2.6160000000000001        1.6718510988960424E-010
  -2.5920000000000001        3.5409109893520850E-010
  -2.5680000000000001        7.3261113118930921E-010
  -2.5440000000000000        1.4817310242034773E-009
  -2.5200000000000000        2.9315651234567615E-009
  -2.4960000000000000        5.6774000558099192E-009
  -2.4720000000000000        1.0769581119058321E-008
  -2.4480000000000000        2.0022565109290977E-008
  -2.4239999999999999        3.6507113310819028E-008
  -2.3999999999999999        6.5317626247920319E-008
  -2.3759999999999999        1.1474391657619544E-007
  -2.3519999999999999        1.9802485074474677E-007
  -2.3279999999999998        3.3592170550860331E-007
  -2.3039999999999998        5.6042261955672591E-007
  -2.2799999999999998        9.1997650656947739E-007
  -2.2559999999999998        1.4867537957311378E-006
  -2.2319999999999998        2.3665406694539353E-006
  -2.2079999999999997        3.7119879901934891E-006
  -2.1839999999999997        5.7400509482752449E-006
  -2.1600000000000001        8.7545618322157228E-006
  -2.1360000000000001        1.3174967346518200E-005
  -2.1120000000000001        1.9572322142974878E-005
  -2.0880000000000001        2.8713650125284717E-005
  -2.0640000000000001        4.1615752396455754E-005
  -2.0400000000000000        5.9609444528117114E-005
  -2.0160000000000000        8.4415036354694250E-005
  -1.9920000000000000        1.1822961802281086E-004
  -1.9680000000000000        1.6382638348841276E-004
  -1.9440000000000000        2.2466580804470935E-004
  -1.9199999999999999        3.0501800637811727E-004
  -1.8959999999999999        4.1009504280308250E-004
  -1.8719999999999999        5.4619136304783769E-004
  -1.8479999999999999        7.2082988739972269E-004
  -1.8239999999999998        9.4291067387412906E-004
  -1.7999999999999998        1.2228584544012493E-003
  -1.7759999999999998        1.5727647961645721E-003
  -1.7519999999999998        2.0065201728467442E-003
  -1.7279999999999998        2.5399308739143161E-003
  -1.7039999999999997        3.1908154582569372E-003
  -1.6799999999999997        3.9790753910528068E-003
  -1.6559999999999997        4.9267346032648976E-003
  -1.6319999999999997        6.0579429897360641E-003
  -1.6079999999999997        7.3989393141298812E-003
  -1.5839999999999996        8.9779696113485487E-003
  -1.5599999999999996        1.0825157956493085E-002
  -1.5359999999999996        1.2972327384909967E-002
  -1.5119999999999996        1.5452769775177488E-002
  -1.4879999999999995        1.8300964617382759E-002
  -1.4639999999999995        2.1552247750102720E-002
  -1.4399999999999995        2.5242432327787688E-002
  -1.4159999999999995        2.9407385441644094E-002
  -1.3919999999999995        3.4082564928376143E-002
  -1.3680000000000003        3.9302521931630183E-002
  -1.3440000000000003        4.5100375702835101E-002
  -1.3200000000000003        5.1507267917902833E-002
  -1.2960000000000003        5.8551804424624057E-002
  -1.2720000000000002        6.6259492808946746E-002
  -1.2480000000000002        7.4652184467524280E-002
  -1.2240000000000002        8.3747529995748207E-002
  -1.2000000000000002        9.3558456645913224E-002
  -1.1760000000000002       0.10409267638541074     
  -1.1520000000000001       0.11535223269978855     
  -1.1280000000000001       0.12733309375357854     
  -1.1040000000000001       0.14002479885954242     
  -1.0800000000000001       0.15341016443244937     
  -1.0560000000000000       0.16746505473715398     
  -1.0320000000000000       0.18215822180271829     
  -1.0080000000000000       0.19745121788606715     
 -0.98399999999999999       0.21329838285033673     
 -0.95999999999999996       0.22964690779465097     
 -0.93599999999999994       0.24643697525174788     
 -0.91199999999999992       0.26360197527486406     
 -0.88799999999999990       0.28106879578020133     
 -0.86399999999999988       0.29875818460985859     
 -0.83999999999999986       0.31658517994256158     
 -0.81599999999999984       0.33445960491557275     
 -0.79199999999999982       0.35228662163706265     
 -0.76799999999999979       0.36996733916934499     
 -0.74399999999999977       0.38739946955241877     
 -0.71999999999999975       0.40447802551575301     
 -0.69599999999999973       0.42109605319414001     
 -0.67199999999999971       0.43714539291882104     
 -0.64799999999999969       0.45251746099590429     
 -0.62399999999999967       0.46710404530613658     
 -0.59999999999999964       0.48079810755953356     
 -0.57599999999999962       0.49349458511009447     
 -0.55199999999999960       0.50509118537453879     
 -0.52799999999999958       0.51548916609917572     
 -0.50399999999999956       0.52459409497516607     
 -0.47999999999999954       0.53231658240860469     
 -0.45599999999999952       0.53857298160273126     
 -0.43199999999999950       0.54328605049972067     
 -0.40799999999999947       0.54638557055360437     
 -0.38399999999999945       0.54780891775897056     
 -0.36000000000000032       0.54750158183760900     
 -0.33600000000000030       0.54541762998251475     
 -0.31200000000000028       0.54152011207113937     
 -0.28800000000000026       0.53578140478380365     
 -0.26400000000000023       0.52818349259402375     
 -0.24000000000000021       0.51871818413162307     
 -0.21600000000000019       0.50738726295262582     
 -0.19200000000000017       0.49420257227801817     
 -0.16800000000000015       0.47918603378251062     
 -0.14400000000000013       0.46236960102021157     
 -0.12000000000000011       0.44379514856247138     
  -9.6000000000000085E-002  0.42351429838991850     
  -7.2000000000000064E-002  0.40158818552173259     
  -4.8000000000000043E-002  0.37808716527663960     
  -2.4000000000000021E-002  0.35309046493823354     
   0.0000000000000000       0.32668578293868922     
   2.4000000000000021E-002  0.29896883897717691     
   4.8000000000000043E-002  0.27004287874972277     
   7.2000000000000064E-002  0.24001813718480597     
   9.6000000000000085E-002  0.20901126425266364     
  0.12000000000000011       0.17714471754620689     
  0.14400000000000013       0.14454612591860924     
  0.16800000000000015       0.11134762850863704     
  0.19200000000000017        7.7685193491966745E-002
  0.21600000000000019        4.3697920868166075E-002
  0.24000000000000021        9.5273335321788988E-003
  0.26400000000000023       -2.4683339210297708E-002
  0.28800000000000026       -5.8789881637972323E-002
  0.31200000000000028       -9.2647811208367709E-002
  0.33600000000000030      -0.12611309399095535     
  0.36000000000000032      -0.15904285234204640     
  0.38400000000000034      -0.19129606139714256     
  0.40800000000000036      -0.22273423113557519     
  0.43200000000000038      -0.25322207095491378     
  0.45600000000000041      -0.28262813387680852     
  0.48000000000000043      -0.31082543768998844     
  0.50400000000000045      -0.33769206051869166     
  0.52800000000000047      -0.36311170848508983     
  0.55200000000000049      -0.38697425331183172     
  0.57600000000000051      -0.40917623788530805     
  0.60000000000000053      -0.42962134797181456     
  0.62400000000000055      -0.44822084844758658     
  0.64800000000000058      -0.46489398257009723     
  0.67199999999999971      -0.47956833298229590     
  0.69599999999999973      -0.49218014330428017     
  0.71999999999999975      -0.50267459932846470     
  0.74399999999999977      -0.51100606899501877     
  0.76799999999999979      -0.51713830048478115     
  0.79199999999999982      -0.52104457792671799     
  0.81599999999999984      -0.52270783437712343     
  0.83999999999999986      -0.52212072188750769     
  0.86399999999999988      -0.51928563863800203     
  0.88799999999999990      -0.51421471327263091     
  0.91199999999999992      -0.50692974673197189     
  0.93599999999999994      -0.49746211203700114     
  0.95999999999999996      -0.48585261263521717     
  0.98399999999999999      -0.47215130007567035     
   1.0080000000000000      -0.45641725193314819     
   1.0320000000000000      -0.43871831105268588     
   1.0560000000000000      -0.41913078733329645     
   1.0800000000000001      -0.39773912341378076     
   1.1040000000000001      -0.37463552576306208     
   1.1280000000000001      -0.34991956281204506     
   1.1520000000000001      -0.32369773189293494     
   1.1760000000000002      -0.29608299687466461     
   1.2000000000000002      -0.26719429849893989     
   1.2240000000000002      -0.23715603952993136     
   1.2480000000000002      -0.20609754693118876     
   1.2720000000000002      -0.17415251337544196     
   1.2960000000000003      -0.14145842047618304     
   1.3200000000000003      -0.10815594620369243     
   1.3440000000000003       -7.4388359012232660E-002
   1.3680000000000003       -4.0300901259161713E-002
   1.3920000000000003       -6.0401645400894087E-003
   1.4160000000000004        2.8246540402787734E-002
   1.4400000000000004        6.2411816520209183E-002
   1.4640000000000004        9.6308813353242650E-002
   1.4880000000000004       0.12979185729884871     
   1.5120000000000005       0.16271707656524403     
   1.5360000000000005       0.19494301816145540     
   1.5600000000000005       0.22633125429900952     
   1.5840000000000005       0.25674697562870247     
   1.6080000000000005       0.28605956879086269     
   1.6320000000000006       0.31414317582411222     
   1.6560000000000006       0.34087723305412931     
   1.6799999999999997       0.36614698717108346     
   1.7039999999999997       0.38984398630085254     
   1.7279999999999998       0.41186654398132144     
   1.7519999999999998       0.43212017406993281     
   1.7759999999999998       0.45051799473218201     
   1.7999999999999998       0.46698109979201979     
   1.8239999999999998       0.48143889586397942     
   1.8479999999999999       0.49382940383237822     
   1.8719999999999999       0.50409952339468855     
   1.8959999999999999       0.51220525954350671     
   1.9199999999999999       0.51811191002370027     
   1.9440000000000000       0.52179421296768169     
   1.9680000000000000       0.52323645408156538     
   1.9920000000000000       0.52243253292757108     
   2.0160000000000000       0.51938598802258562     
   2.0400000000000009       0.51410998064869484     
   2.0640000000000001       0.50662723744773019     
   2.0880000000000010       0.49696995204809308     
   2.1120000000000001       0.48517964614710785     
   2.1360000000000010       0.47130699064552178     
   2.1600000000000001       0.45541158760156997     
   2.1840000000000011       0.43756171393963483     
   2.2080000000000002       0.41783402801204927     
   2.2319999999999993       0.39631324027166137     
   2.2560000000000002       0.37309174946632184     
   2.2799999999999994       0.34826924591400216     
   2.3040000000000003       0.32195228355828442     
   2.3279999999999994       0.29425382263759525     
   2.3520000000000003       0.26529274492744204     
   2.3759999999999994       0.23519334363239500     
   2.4000000000000004       0.20408479011317690     
   2.4239999999999995       0.17210057973349163     
   2.4480000000000004       0.13937795920073998     
   2.4719999999999995       0.10605733785408469     
   2.4960000000000004        7.2281685422136518E-002
   2.5199999999999996        3.8195918830678514E-002
   2.5440000000000005        3.9462806876996281E-003
   2.5679999999999996       -3.0320287891170125E-002
   2.5920000000000005       -6.4456777429420922E-002
   2.6159999999999997       -9.8316740508451725E-002
   2.6400000000000006      -0.13175491975687081     
   2.6639999999999997      -0.16462787071928744     
   2.6880000000000006      -0.19679457693526639     
   2.7119999999999997      -0.22811705459257287     
   2.7360000000000007      -0.25846094416340271     
   2.7599999999999998      -0.28769608648795958     
   2.7840000000000007      -0.31569708083644943     
   2.8079999999999998      -0.34234382255762830     
   2.8320000000000007      -0.36752201800959367     
   2.8559999999999999      -0.39112367456572766     
   2.8800000000000008      -0.41304756359556682     
   2.9039999999999999      -0.43319965443618563     
   2.9280000000000008      -0.45149351749388478     
   2.9520000000000000      -0.46785069474839813     
   2.9760000000000009      -0.48220103607146186     
   3.0000000000000000      -0.49448299991816014     
   3.0240000000000009      -0.50464391710206979     
   3.0480000000000000      -0.51264021652363168     
   3.0720000000000010      -0.51843761188409210     
   3.0960000000000001      -0.52201124858473136     
   3.1200000000000010      -0.52334581018173720     
   3.1440000000000001      -0.52243558394040457     
   3.1680000000000010      -0.51928448520786885     
   3.1920000000000002      -0.51390604049985344     
   3.2160000000000011      -0.50632332937427049     
   3.2400000000000002      -0.49656888534088134     
   3.2639999999999993      -0.48468455623212742     
   3.2880000000000003      -0.47072132463387006     
   3.3119999999999994      -0.45473908914615063     
   3.3360000000000003      -0.43680640741197252     
   3.3599999999999994      -0.41700020201610016     
   3.3840000000000003      -0.39540543051501459     
   3.4079999999999995      -0.37211472101304038     
   3.4320000000000004      -0.34722797484733481     
   3.4559999999999995      -0.32085193808557066     
   3.4800000000000004      -0.29309974367375596     
   3.5039999999999996      -0.26409042619762046     
   3.5280000000000005      -0.23394841133836333     
   3.5519999999999996      -0.20280298221210372     
   3.5760000000000005      -0.17078772488153299     
   3.5999999999999996      -0.13803995541753281     
   3.6240000000000006      -0.10470013096772729     
   3.6479999999999997       -7.0911247357451676E-002
   3.6720000000000006       -3.6818225806447433E-002
   3.6959999999999997       -2.5672913912299484E-003
   3.7200000000000006        3.1694654081504056E-002
   3.7439999999999998        6.5820662101046673E-002
   3.7680000000000007        9.9664367676707069E-002
   3.7919999999999998       0.13308061705695812     
   3.8160000000000007       0.16592609025188154     
   3.8399999999999999       0.19805991568921888     
   3.8640000000000008       0.22934427436814794     
   3.8879999999999999       0.25964499091989240     
   3.9120000000000008       0.28883210904044226     
   3.9359999999999999       0.31678044882768064     
   3.9600000000000009       0.34337014363274421     
   3.9840000000000000       0.36848715412343486     
   4.0080000000000009       0.39202375735501765     
   4.0320000000000000       0.41387900875112371     
   4.0560000000000009       0.43395917501350706     
   4.0800000000000001       0.45217813610411783     
   4.1040000000000010       0.46845775457562416     
   4.1280000000000001       0.48272821066644900     
   4.1520000000000010       0.49492830172334579     
   4.1760000000000002       0.50500570466731209     
   4.2000000000000011       0.51291720037739474     
   4.2240000000000002       0.51862885903000311     
   4.2479999999999993       0.52211618559897144     
   4.2720000000000002       0.52336422489234480     
   4.2959999999999994       0.52236762567551243     
   4.3200000000000003       0.51913066360565185     
   4.3439999999999994       0.51366722287918920     
   4.3680000000000003       0.50600073667096490     
   4.3919999999999995       0.49616408662060346     
   4.4160000000000004       0.48419946179715062     
   4.4399999999999995       0.47015817774685931     
   4.4640000000000004       0.45410045640019830     
   4.4879999999999995       0.43609516778197793     
   4.5120000000000005       0.41621953463237199     
   4.5359999999999996       0.39455880120563758     
   4.5600000000000005       0.37120586766692304     
   4.5839999999999996       0.34626089165520951     
   4.6080000000000005       0.31983085872112366     
   4.6319999999999997       0.29202912348193705     
   4.6560000000000006       0.26297492346157869     
   4.6799999999999997       0.23279286770072297     
   4.7040000000000006       0.20161240233012120     
   4.7279999999999998       0.16956725539923975     
   4.7520000000000007       0.13679486334114202     
   4.7759999999999998       0.10343578153340000     
   4.8000000000000007        6.9633081482966014E-002
   4.8239999999999998        3.5531737220332461E-002
   4.8480000000000008        1.2780035345643804E-003
   4.8719999999999999       -3.2981211284176963E-002
   4.8960000000000008       -6.7098975504498726E-002
   4.9199999999999999      -0.10092896411383592     
   4.9440000000000008      -0.13432608637611310     
   4.9680000000000000      -0.16714710809559796     
   4.9920000000000009      -0.19925126591816483     
   5.0160000000000000      -0.23050087103541447     
   5.0400000000000009      -0.26076189970248587     
   5.0640000000000001      -0.28990456803699305     
   5.0880000000000010      -0.31780388863392289     
   5.1120000000000001      -0.34434020660926196     
   5.1360000000000010      -0.36939971277344957     
   5.1600000000000001      -0.39287493173371657     
   5.1840000000000011      -0.41466518283202974     
   5.2080000000000002      -0.43467701194170999     
   5.2320000000000011      -0.45282459227090854     
   5.2560000000000002      -0.46903009245396599     
   5.2799999999999994      -0.48322401035201518     
   5.3040000000000003      -0.49534547113119437     
   5.3279999999999994      -0.50534248834016149     
   5.3520000000000003      -0.51317218686710409     
   5.3759999999999994      -0.51880098682014486     
   5.4000000000000004      -0.52220474754245438     
   5.4239999999999995      -0.52336887114444453     
   5.4480000000000004      -0.52228836510901910     
   5.4719999999999995      -0.51896786370140136     
   5.4960000000000004      -0.51342160809168713     
   5.5199999999999996      -0.50567338527541794     
   5.5440000000000005      -0.49575642605408565     
   5.5679999999999996      -0.48371326251315933     
   5.5920000000000005      -0.46959554560885053     
   5.6159999999999997      -0.45346382364596494     
   5.6400000000000006      -0.43538728259690235     
   5.6639999999999997      -0.41544344937552341     
   5.6880000000000006      -0.39371785933848125     
   5.7119999999999997      -0.37030368944003755     
   5.7360000000000007      -0.34530135861368072     
   5.7599999999999998      -0.31881809709443903     
   5.7840000000000007      -0.29096748652896520     
   5.8079999999999998      -0.26186897284577254     
   5.8320000000000007      -0.23164735397481426     
   5.8559999999999999      -0.20043224461348430     
   5.8800000000000008      -0.16835752033452903     
   5.9039999999999999      -0.13556074341999325     
   5.9280000000000008      -0.10218257288367331     
   5.9520000000000000       -6.8366161212367646E-002
   5.9760000000000009       -3.4256540413181560E-002
