  -6.0000000000000000        4.4917388496571742E-266
  -5.9760000000000000        5.9765067888319195E-262
  -5.9520000000000000        3.8667859950882014E-258
  -5.9279999999999999        1.1418443931785355E-254
  -5.9039999999999999        1.7197556733375848E-250
  -5.8799999999999999        3.0794024876725738E-246
  -5.8559999999999999        4.3786301232745010E-243
  -5.8319999999999999        1.0713128267064954E-238
  -5.8079999999999998        6.9289301907320567E-235
  -5.7839999999999998        4.8869559621941206E-231
  -5.7599999999999998        3.5311156502157661E-227
  -5.7359999999999998        2.8836903945186856E-224
  -5.7119999999999997        5.4410559015186414E-220
  -5.6879999999999997        2.8187551946828128E-216
  -5.6639999999999997        3.7982938435109745E-213
  -5.6399999999999997        4.8993883971911918E-210
  -5.6159999999999997        1.0950916756490087E-205
  -5.5919999999999996        3.4166544230737479E-202
  -5.5679999999999996        7.2233119188573862E-199
  -5.5439999999999996        3.3817149458280153E-197
  -5.5199999999999996        6.2628105018683034E-192
  -5.4960000000000004        2.3611134279650692E-188
  -5.4719999999999995        4.3824954918462150E-185
  -5.4480000000000004        7.2576284656989874E-183
  -5.4239999999999995        1.6993308234416675E-178
  -5.4000000000000004        2.4723609858231408E-175
  -5.3760000000000003       -1.6776757385865056E-172
  -5.3520000000000003        1.5406511927404737E-168
  -5.3280000000000003        7.8418682950434563E-166
  -5.3040000000000003        1.1792564414129850E-162
  -5.2800000000000002        2.2501518145230392E-159
  -5.2560000000000002        3.2804230017067207E-157
  -5.2320000000000002        3.4371011387644917E-153
  -5.2080000000000002        1.7571255952318017E-150
  -5.1840000000000002        2.4638168117928623E-147
  -5.1600000000000001        4.6533096977636741E-144
  -5.1360000000000001        1.7917677833586401E-141
  -5.1120000000000001        5.3934368310952049E-139
  -5.0880000000000001        1.6350210718835496E-135
  -5.0640000000000001        5.3768579017039166E-133
  -5.0400000000000000        1.6537360182084992E-130
  -5.0160000000000000        1.8017902842537806E-127
  -4.9920000000000000        9.7035370070881800E-125
  -4.9680000000000000        9.5927815992511454E-122
  -4.9440000000000000        3.9281875225341982E-119
  -4.9199999999999999        1.2860505706456978E-116
  -4.8959999999999999        1.7162340311026299E-114
  -4.8719999999999999        2.7045336323517412E-111
  -4.8479999999999999        1.0865247617339279E-108
  -4.8239999999999998       -2.7094004551669696E-107
  -4.7999999999999998        7.2073905481875872E-104
  -4.7759999999999998        7.3854367833863392E-101
  -4.7519999999999998        9.8835685344365797E-099
  -4.7279999999999998        5.1160311530321924E-096
  -4.7039999999999997        5.9628852336179863E-094
  -4.6799999999999997        3.3363051876283748E-092
  -4.6559999999999997        1.9299234191413653E-089
  -4.6319999999999997        3.4551842483955275E-087
  -4.6079999999999997        3.0589240263318206E-085
  -4.5839999999999996        4.4101140812338363E-083
  -4.5600000000000005        4.9019730256353132E-081
  -4.5359999999999996        3.3753194300290097E-079
  -4.5120000000000005        3.3711163356897193E-076
  -4.4879999999999995        3.0133864402243854E-074
  -4.4640000000000004        9.6174107291536797E-072
  -4.4399999999999995       -1.3416228494600115E-070
  -4.4160000000000004        1.0148151309061691E-067
  -4.3919999999999995        1.3579598699727434E-065
  -4.3680000000000003        2.0054088640805771E-064
  -4.3439999999999994        5.3626383010093890E-063
  -4.3200000000000003        5.5468013569761260E-060
  -4.2960000000000003        1.3980783995952986E-058
  -4.2720000000000002        1.2787966224896963E-056
  -4.2480000000000002        7.0289132809161175E-055
  -4.2240000000000002        1.4488573700733452E-052
  -4.2000000000000002       -1.3654903864475957E-051
  -4.1760000000000002        1.8734963334577295E-049
  -4.1520000000000001        6.6084162348890176E-048
  -4.1280000000000001        1.5633769695035361E-046
  -4.1040000000000001        5.8028896170061339E-045
  -4.0800000000000001        2.5176075828179726E-043
  -4.0560000000000000        1.0461854997351922E-041
  -4.0320000000000000        6.2801541165448185E-040
  -4.0080000000000000        1.3909693777166046E-038
  -3.9840000000000000        3.8316837061340734E-037
  -3.9600000000000000        9.4336944406461678E-036
  -3.9359999999999999        1.2419536597354925E-034
  -3.9119999999999999        4.3174854181525344E-033
  -3.8879999999999999        7.5468900206407047E-032
  -3.8639999999999999        2.3700291019935775E-030
  -3.8399999999999999        1.7976518814974887E-029
  -3.8159999999999998       -3.6349324644461527E-029
  -3.7919999999999998        3.1770590721939083E-027
  -3.7679999999999998        4.8824567632984651E-026
  -3.7439999999999998        6.4025858729997916E-025
  -3.7199999999999998        5.3280578407487654E-024
  -3.6959999999999997        5.0976575441883970E-023
  -3.6720000000000002        3.8776344041183183E-022
  -3.6480000000000001        1.1726940612976631E-021
  -3.6240000000000001        1.6991199586596123E-020
  -3.6000000000000001        1.2289099140409590E-019
  -3.5760000000000001        4.6468330370294614E-019
  -3.5520000000000000        2.5552146950880890E-018
  -3.5280000000000000        7.0043891093606704E-018
  -3.5040000000000000        1.2761602535686753E-017
  -3.4800000000000000        1.2255670658417320E-016
  -3.4560000000000000        1.5129056310221510E-016
  -3.4319999999999999        4.0376285440929125E-016
  -3.4079999999999999       -3.9827946733875512E-017
  -3.3839999999999999       -2.6558590420631209E-016
  -3.3599999999999999        4.8836700943957559E-016
  -3.3359999999999999        4.1661975842594121E-016
  -3.3119999999999998        5.2407902086945479E-016
  -3.2879999999999998       -1.5661252280793107E-017
  -3.2639999999999998       -2.5347709945365856E-016
  -3.2399999999999998        5.2517208818348177E-017
  -3.2159999999999997       -3.1755084306968714E-016
  -3.1919999999999997        3.4004675436802205E-016
  -3.1680000000000001       -9.4039995931543663E-016
  -3.1440000000000001        3.3311209746690834E-016
  -3.1200000000000001        1.1348390552914359E-015
  -3.0960000000000001       -7.1694279647011335E-016
  -3.0720000000000001       -1.0274506853468354E-015
  -3.0480000000000000        1.1912269440571225E-015
  -3.0240000000000000        5.0039139310253517E-017
  -3.0000000000000000        9.6847028700668631E-016
  -2.9760000000000000        2.4305597192170149E-016
  -2.9520000000000000        1.8032569871445332E-015
  -2.9279999999999999        2.7421257819804434E-015
  -2.9039999999999999        7.6069093724022358E-015
  -2.8799999999999999        2.2461853767804189E-014
  -2.8559999999999999        6.0778492493985205E-014
  -2.8319999999999999        1.7144650861854888E-013
  -2.8079999999999998        4.5906944964071570E-013
  -2.7839999999999998        1.2043300124589033E-012
  -2.7599999999999998        3.0626820144979239E-012
  -2.7359999999999998        7.5731950586442673E-012
  -2.7119999999999997        1.8194831700772203E-011
  -2.6879999999999997        4.2560190793700108E-011
  -2.6640000000000001        9.6951052753467962E-011
  -2.6400000000000001        2.1526700914854623E-010
  -2.6160000000000001        4.6622305410339932E-010
  -2.5920000000000001        9.8562371740458164E-010
  -2.5680000000000001        2.0353532147038395E-009
  -2.5440000000000000        4.1084341593755948E-009
  -2.5200000000000000        8.1117612104408177E-009
  -2.4960000000000000        1.5676226756135450E-008
  -2.4720000000000000        2.9671115045392219E-008
  -2.4480000000000000        5.5038105017140992E-008
  -2.4239999999999999        1.0011395007229278E-007
  -2.3999999999999999        1.7868349353334113E-007
  -2.3759999999999999        3.1310009491398962E-007
  -2.3519999999999999        5.3893227145642307E-007
  -2.3279999999999998        9.1174599542809085E-007
  -2.3039999999999998        1.5168126151381595E-006
  -2.2799999999999998        2.4827412219855414E-006
  -2.2559999999999998        4.0002667134801748E-006
  -2.2319999999999998        6.3476721894996732E-006
  -2.2079999999999997        9.9245732206294764E-006
  -2.1839999999999997        1.5296024016899442E-005
  -2.1600000000000001        2.3249098805778284E-005
  -2.1360000000000001        3.4864229542817632E-005
  -2.1120000000000001        5.1603613701201945E-005
  -2.0880000000000001        7.5418913697246175E-005
  -2.0640000000000001        1.0888022323225323E-004
  -2.0400000000000000        1.5532785106320675E-004
  -2.0160000000000000        2.1904785058952039E-004
  -1.9920000000000000        3.0547139597304269E-004
  -1.9680000000000000        4.2139707401568150E-004
  -1.9440000000000000        5.7523394241548362E-004
  -1.9199999999999999        7.7726182871925100E-004
  -1.8959999999999999        1.0399038550666835E-003
  -1.8719999999999999        1.3780046286649469E-003
  -1.8479999999999999        1.8091060055829610E-003
  -1.8239999999999998        2.3537108920185668E-003
  -1.7999999999999998        3.0355242734221802E-003
  -1.7759999999999998        3.8816596378442392E-003
  -1.7519999999999998        4.9227982617403195E-003
  -1.7279999999999998        6.1932885198364099E-003
  -1.7039999999999997        7.7311725191486838E-003
  -1.6799999999999997        9.5781279764789087E-003
  -1.6559999999999997        1.1779314375190499E-002
  -1.6319999999999997        1.4383114046581944E-002
  -1.6079999999999997        1.7440760897201143E-002
  -1.5839999999999996        2.1005851999479155E-002
  -1.5599999999999996        2.5133740113055938E-002
  -1.5359999999999996        2.9880808326123651E-002
  -1.5119999999999996        3.5303631305049793E-002
  -1.4879999999999995        4.1458031012961923E-002
  -1.4639999999999995        4.8398038095935556E-002
  -1.4399999999999995        5.6174773331163129E-002
  -1.4159999999999995        6.4835266481329076E-002
  -1.3919999999999995        7.4421232508626367E-002
  -1.3680000000000003        8.4967827286425490E-002
  -1.3440000000000003        9.6502406637893570E-002
  -1.3200000000000003       0.10904331367601056     
  -1.2960000000000003       0.12259871998352959     
  -1.2720000000000002       0.13716554613772100     
  -1.2480000000000002       0.15272848645442366     
  -1.2240000000000002       0.16925916161719770     
  -1.2000000000000002       0.18671542110406686     
  -1.1760000000000002       0.20504081507435709     
  -1.1520000000000001       0.22416425269027906     
  -1.1280000000000001       0.24399986079114405     
  -1.1040000000000001       0.26444705348679171     
  -1.0800000000000001       0.28539081967074781     
  -1.0560000000000000       0.30670223175315037     
  -1.0320000000000000       0.32823917515925655     
  -1.0080000000000000       0.34984729440877216     
 -0.98399999999999999       0.37136114795794789     
 -0.95999999999999996       0.39260556051771361     
 -0.93599999999999994       0.41339715831755941     
 -0.91199999999999992       0.43354606981939675     
 -0.88799999999999990       0.45285777174210134     
 -0.86399999999999988       0.47113505797166449     
 -0.83999999999999986       0.48818010703068820     
 -0.81599999999999984       0.50379662228236788     
 -0.79199999999999982       0.51779201795836205     
 -0.76799999999999979       0.52997962342927973     
 -0.74399999999999977       0.54018087787617930     
 -0.71999999999999975       0.54822748766039409     
 -0.69599999999999973       0.55396351921043374     
 -0.67199999999999971       0.55724740112727122     
 -0.64799999999999969       0.55795381042730208     
 -0.62399999999999967       0.55597541936706951     
 -0.59999999999999964       0.55122448109405187     
 -0.57599999999999962       0.54363423441052872     
 -0.55199999999999960       0.53316011018808152     
 -0.52799999999999958       0.51978072439418166     
 -0.50399999999999956       0.50349864525403498     
 -0.47999999999999954       0.48434092473604862     
 -0.45599999999999952       0.46235938728309089     
 -0.43199999999999950       0.43763067148176277     
 -0.40799999999999947       0.41025602313516668     
 -0.38399999999999945       0.38036084095109590     
 -0.36000000000000032       0.34809397874742415     
 -0.33600000000000030       0.31362681068226889     
 -0.31200000000000028       0.27715206851212715     
 -0.28800000000000026       0.23888246224256063     
 -0.26400000000000023       0.19904909774045260     
 -0.24000000000000021       0.15789970690441602     
 -0.21600000000000019       0.11569670782179250     
 -0.19200000000000017        7.2715113961106359E-002
 -0.16800000000000015        2.9240312843841383E-002
 -0.14400000000000013       -1.4434264202180599E-002
 -0.12000000000000011       -5.8009558692276836E-002
  -9.6000000000000085E-002 -0.10118336485913758     
  -7.2000000000000064E-002 -0.14365284916472654     
  -4.8000000000000043E-002 -0.18511708570654911     
  -2.4000000000000021E-002 -0.22527958386818447     
   0.0000000000000000      -0.26385078489934305     
   2.4000000000000021E-002 -0.30055050467866568     
   4.8000000000000043E-002 -0.33511030069973347     
   7.2000000000000064E-002 -0.36727574231199928     
   9.6000000000000085E-002 -0.39680856442574913     
  0.12000000000000011      -0.42348868623368091     
  0.14400000000000013      -0.44711607799077224     
  0.16800000000000015      -0.46751246050592510     
  0.19200000000000017      -0.48452282371194638     
  0.21600000000000019      -0.49801675247178162     
  0.24000000000000021      -0.50788954962730337     
  0.26400000000000023      -0.51406314818162213     
  0.28800000000000026      -0.51648680640729383     
  0.31200000000000028      -0.51513758157325973     
  0.33600000000000030      -0.51002057986644544     
  0.36000000000000032      -0.50116898193532766     
  0.38400000000000034      -0.48864384528952748     
  0.40800000000000036      -0.47253368654022582     
  0.43200000000000038      -0.45295384815146805     
  0.45600000000000041      -0.43004565598338196     
  0.48000000000000043      -0.40397537543803985     
  0.50400000000000045      -0.37493297546034249     
  0.52800000000000047      -0.34313071099477971     
  0.55200000000000049      -0.30880153574894809     
  0.57600000000000051      -0.27219735826206193     
  0.60000000000000053      -0.23358715531737928     
  0.62400000000000055      -0.19325495766800541     
  0.64800000000000058      -0.15149772386246846     
  0.67199999999999971      -0.10862311865735659     
  0.69599999999999973       -6.4947213086074151E-002
  0.71999999999999975       -2.0792123713756810E-002
  0.74399999999999977        2.3516391053346943E-002
  0.76799999999999979        6.7651359521530174E-002
  0.79199999999999982       0.11128703195407255     
  0.81599999999999984       0.15410130436948791     
  0.83999999999999986       0.19577811291605646     
  0.86399999999999988       0.23600978112777898     
  0.88799999999999990       0.27449930277079432     
  0.91199999999999992       0.31096254351200220     
  0.93599999999999994       0.34513034527949038     
  0.95999999999999996       0.37675051793362541     
  0.98399999999999999       0.40558970372292369     
   1.0080000000000000       0.43143510095512633     
   1.0320000000000000       0.45409603436410606     
   1.0560000000000000       0.47340536079088447     
   1.0800000000000001       0.48922070001408985     
   1.1040000000000001       0.50142548185326907     
   1.1280000000000001       0.50992980201887939     
   1.1520000000000001       0.51467108058599742     
   1.1760000000000002       0.51561451841473716     
   1.2000000000000002       0.51275334831936614     
   1.2240000000000002       0.50610887928921156     
   1.2480000000000002       0.49573033357709639     
   1.2720000000000002       0.48169447798454473     
   1.2960000000000003       0.46410505217624293     
   1.3200000000000003       0.44309199833872315     
   1.3440000000000003       0.41881049794873304     
   1.3680000000000003       0.39143982282543549     
   1.3920000000000003       0.36118200899649983     
   1.4160000000000004       0.32826036320199059     
   1.4400000000000004       0.29291781308195858     
   1.4640000000000004       0.25541511323491961     
   1.4880000000000004       0.21602892038688115     
   1.5120000000000005       0.17504975186591634     
   1.5360000000000005       0.13277984242922489     
   1.5600000000000005        8.9530915231230773E-002
   1.5840000000000005        4.5621883347571016E-002
   1.6080000000000005        1.3764987757670089E-003
   1.6320000000000006       -4.2879033784397183E-002
   1.6560000000000006       -8.6818460812386755E-002
   1.6799999999999997      -0.13011788382517045     
   1.7039999999999997      -0.17245814552998526     
   1.7279999999999998      -0.21352718072192420     
   1.7519999999999998      -0.25302231463787173     
   1.7759999999999998      -0.29065249186651043     
   1.7999999999999998      -0.32614041942620059     
   1.8239999999999998      -0.35922460825495617     
   1.8479999999999999      -0.38966129810493227     
   1.8719999999999999      -0.41722625169209127     
   1.8959999999999999      -0.44171640491400299     
   1.9199999999999999      -0.46295136100793854     
   1.9440000000000000      -0.48077471766961616     
   1.9680000000000000      -0.49505521738196406     
   1.9920000000000000      -0.50568771250393552     
   2.0160000000000000      -0.51259393803213327     
   2.0400000000000009      -0.51572308636302755     
   2.0640000000000001      -0.51505217984000062     
   2.0880000000000010      -0.51058623835726857     
   2.1120000000000001      -0.50235824080040015     
   2.1360000000000010      -0.49042888061983958     
   2.1600000000000001      -0.47488611734850500     
   2.1840000000000011      -0.45584452737580872     
   2.2080000000000002      -0.43344445876728949     
   2.2319999999999993      -0.40785099636089911     
   2.2560000000000002      -0.37925274476685772     
   2.2799999999999994      -0.34786043823778129     
   2.3040000000000003      -0.31390538764972187     
   2.3279999999999994      -0.27763777603323081     
   2.3520000000000003      -0.23932481520799306     
   2.3759999999999994      -0.19924877709656086     
   2.4000000000000004      -0.15770491421486166     
   2.4239999999999995      -0.11499928465258033     
   2.4480000000000004       -7.1446497559326860E-002
   2.4719999999999995       -2.7367395737287772E-002
   2.4960000000000004        1.6913307596099922E-002
   2.5199999999999996        6.1069420474866201E-002
   2.5440000000000005       0.10477567467099444     
   2.5679999999999996       0.14771012131154801     
   2.5920000000000005       0.18955650198817856     
   2.6159999999999997       0.23000657790127396     
   2.6400000000000006       0.26876239989022532     
   2.6639999999999997       0.30553850263661908     
   2.6880000000000006       0.34006400688555966     
   2.7119999999999997       0.37208461420773914     
   2.7360000000000007       0.40136447961605709     
   2.7599999999999998       0.42768794825016743     
   2.7840000000000007       0.45086114334308086     
   2.8079999999999998       0.47071339377918858     
   2.8320000000000007       0.48709849073409117     
   2.8559999999999999       0.49989576414523873     
   2.8800000000000008       0.50901097108897975     
   2.9039999999999999       0.51437698952465905     
   2.9280000000000008       0.51595431229953448     
   2.9520000000000000       0.51373133777908586     
   2.9760000000000009       0.50772445496476537     
   3.0000000000000000       0.49797792247459560     
   3.0240000000000009       0.48456354227983323     
   3.0480000000000000       0.46758013060232262     
   3.0720000000000010       0.44715278987068530     
   3.0960000000000001       0.42343198709850055     
   3.1200000000000010       0.39659244547300826     
   3.1440000000000001       0.36683185731829299     
   3.1680000000000010       0.33436942791233254     
   3.1920000000000002       0.29944426088274134     
   3.2160000000000011       0.26231359707262225     
   3.2400000000000002       0.22325091984696102     
   3.2639999999999993       0.18254394079349495     
   3.2880000000000003       0.14049248065267550     
   3.3119999999999994        9.7406261082913212E-002
   3.3360000000000003        5.3602623523772860E-002
   3.3599999999999994        9.4041919567031951E-003
   3.3840000000000003       -3.4863503224069566E-002
   3.4079999999999995       -7.8874422731486163E-002
   3.4320000000000004      -0.12230441963992883     
   3.4559999999999995      -0.16483362668995782     
   3.4800000000000004      -0.20614881206221575     
   3.5039999999999996      -0.24594568627166569     
   3.5280000000000005      -0.28393114319316581     
   3.5519999999999996      -0.31982541871456438     
   3.5760000000000005      -0.35336415112013481     
   3.5999999999999996      -0.38430032803092340     
   3.6240000000000006      -0.41240610556397417     
   3.6479999999999997      -0.43747448631356778     
   3.6720000000000006      -0.45932084379724469     
   3.6959999999999997      -0.47778428214007163     
   3.7200000000000006      -0.49272882098419840     
   3.7439999999999998      -0.50404439689761948     
   3.7680000000000007      -0.51164767390773547     
   3.7919999999999998      -0.51548265719081987     
   3.8160000000000007      -0.51552110539829399     
   3.8399999999999999      -0.51176273858361965     
   3.8640000000000008      -0.50423524019893873     
   3.8879999999999999      -0.49299405314718492     
   3.9120000000000008      -0.47812197139211776     
   3.9359999999999999      -0.45972853013433346     
   3.9600000000000009      -0.43794919904477336     
   3.9840000000000000      -0.41294438449773285     
   4.0080000000000009      -0.38489824815192880     
   4.0320000000000000      -0.35401735058075939     
   4.0560000000000009      -0.32052912994132082     
   4.0800000000000001      -0.28468022688663341     
   4.1040000000000010      -0.24673466805789973     
   4.1280000000000001      -0.20697192153506264     
   4.1520000000000010      -0.16568483856699698     
   4.1760000000000002      -0.12317749674011531     
   4.2000000000000011       -7.9762960470047758E-002
   4.2240000000000002       -3.5760975309949351E-002
   4.2479999999999993        8.5043869436121668E-003
   4.2720000000000002        5.2707115003856615E-002
   4.2959999999999994        9.6521659128183307E-002
   4.3200000000000003       0.13962532875062203     
   4.3439999999999994       0.18170066905430543     
   4.3680000000000003       0.22243779898103999     
   4.3919999999999995       0.26153669345905356     
   4.4160000000000004       0.29870939304084615     
   4.4399999999999995       0.33368212467765435     
   4.4640000000000004       0.36619731801153488     
   4.4879999999999995       0.39601550233553229     
   4.5120000000000005       0.42291707025129077     
   4.5359999999999996       0.44670389503523134     
   4.5600000000000005       0.46720078980173341     
   4.5839999999999996       0.48425679771701324     
   4.6080000000000005       0.49774630376157686     
   4.6319999999999997       0.50756995985349673     
   4.6560000000000006       0.51365541651912050     
   4.6799999999999997       0.51595785572284913     
   4.7040000000000006       0.51446032093174865     
   4.7279999999999998       0.50917384198434124     
   4.7520000000000007       0.50013735384394342     
   4.7759999999999998       0.48741740983507448     
   4.8000000000000007       0.47110769147494780     
   4.8239999999999998       0.45132831851018013     
   4.8480000000000008       0.42822496424018541     
   4.8719999999999999       0.40196778264291994     
   4.8960000000000008       0.37275015520449462     
   4.9199999999999999       0.34078726668217074     
   4.9440000000000008       0.30631452029004902     
   4.9680000000000000       0.26958580397937637     
   4.9920000000000009       0.23087162058211622     
   5.0160000000000000       0.19045709558899568     
   5.0400000000000009       0.14863987723446148     
   5.0640000000000001       0.10572794435411791     
   5.0880000000000010        6.2037338159430473E-002
   5.1120000000000001        1.7889834634865966E-002
   5.1360000000000010       -2.6389425300110524E-002
   5.1600000000000001       -7.0474330410670860E-002
   5.1840000000000011      -0.11404020091190185     
   5.2080000000000002      -0.15676617969107717     
   5.2320000000000011      -0.19833759537595588     
   5.2560000000000002      -0.23844827984546679     
   5.2799999999999994      -0.27680282311470206     
   5.3040000000000003      -0.31311874898729558     
   5.3279999999999994      -0.34712859545192221     
   5.3520000000000003      -0.37858188450104285     
   5.3759999999999994      -0.40724696686458106     
   5.4000000000000004      -0.43291272807230458     
   5.4239999999999995      -0.45539014328005978     
   5.4480000000000004      -0.47451366940880835     
   5.4719999999999995      -0.49014246434362108     
   5.4960000000000004      -0.50216142421337640     
   5.5199999999999996      -0.51048203111184243     
   5.5440000000000005      -0.51504300501676237     
   5.5679999999999996      -0.51581075510571261     
   5.5920000000000005      -0.51277962714488201     
   5.6159999999999997      -0.50597194512879429     
   5.6400000000000006      -0.49543784686432873     
   5.6639999999999997      -0.48125491470997589     
   5.6880000000000006      -0.46352760418987504     
   5.7119999999999997      -0.44238647469084086     
   5.7360000000000007      -0.41798722790819720     
   5.7599999999999998      -0.39050956112214097     
   5.7840000000000007      -0.36015584375010518     
   5.8079999999999998      -0.32714962692213712     
   5.8320000000000007      -0.29173399705605768     
   5.8559999999999999      -0.25416978555811298     
   5.8800000000000008      -0.21473364783440130     
   5.9039999999999999      -0.17371602576090867     
   5.9280000000000008      -0.13141900861827066     
   5.9520000000000000       -8.8154108245171073E-002
   5.9760000000000009       -4.4239964796065914E-002
