  -6.0000000000000000        4.1695805567605953E-266
  -5.9760000000000000        3.3332482286365652E-262
  -5.9520000000000000        3.5749955952108971E-259
  -5.9279999999999999       -2.1119259286540614E-254
  -5.9039999999999999        5.8031807220761207E-250
  -5.8799999999999999        1.6191191989967147E-247
  -5.8559999999999999       -9.8176347858778586E-243
  -5.8319999999999999        2.1056595954215953E-238
  -5.8079999999999998        4.5552178551015371E-235
  -5.7839999999999998        3.2659884441856614E-231
  -5.7599999999999998        1.7627014476333041E-227
  -5.7359999999999998       -9.3088680534858040E-224
  -5.7119999999999997       -5.1141233876675692E-220
  -5.6879999999999997        3.0098185078186230E-216
  -5.6639999999999997       -7.4855582128090475E-213
  -5.6399999999999997        1.0872053498401735E-209
  -5.6159999999999997       -8.3789640098823287E-206
  -5.5919999999999996        6.7064478951056640E-202
  -5.5679999999999996        2.0049633196670723E-198
  -5.5439999999999996       -4.9628072269773427E-195
  -5.5199999999999996        4.3457779532940956E-192
  -5.4960000000000004       -1.4095811497146420E-188
  -5.4719999999999995        2.0218163328636722E-184
  -5.4480000000000004       -2.7871732912566671E-181
  -5.4239999999999995        3.3341750879143979E-178
  -5.4000000000000004        2.3880798631560403E-175
  -5.3760000000000003        3.5322030634452965E-172
  -5.3520000000000003       -2.7293323869607379E-169
  -5.3280000000000003        2.1268697227641339E-165
  -5.3040000000000003        4.7257096084535660E-163
  -5.2800000000000002        7.3132200542244711E-159
  -5.2560000000000002        3.0416069385201358E-156
  -5.2320000000000002        2.6670264050118681E-153
  -5.2080000000000002       -2.5304042630765603E-151
  -5.1840000000000002       -6.0038529891304234E-147
  -5.1600000000000001        9.5467591723423094E-144
  -5.1360000000000001       -6.9687915851282204E-142
  -5.1120000000000001        6.1126391559598306E-138
  -5.0880000000000001        3.6154988992734860E-135
  -5.0640000000000001        1.4574931235594043E-132
  -5.0400000000000000        2.6074272906578505E-129
  -5.0160000000000000        4.4178722809755412E-127
  -4.9920000000000000        2.8167540057601163E-124
  -4.9680000000000000        3.2575822252578474E-121
  -4.9440000000000000        1.5497128648763879E-119
  -4.9199999999999999        2.4110143038029786E-116
  -4.8959999999999999        3.6935635118822532E-113
  -4.8719999999999999       -1.4097997661779540E-111
  -4.8479999999999999        2.0830403095462483E-108
  -4.8239999999999998        5.7900487425089485E-107
  -4.7999999999999998        2.0735070754209749E-103
  -4.7759999999999998        1.7042505265613996E-100
  -4.7519999999999998       -2.1348020494922726E-099
  -4.7279999999999998        6.1010775290006604E-096
  -4.7039999999999997        7.6911770164447594E-094
  -4.6799999999999997        2.8909954724597633E-091
  -4.6559999999999997        6.1837691519267604E-089
  -4.6319999999999997        3.0786469207351753E-087
  -4.6079999999999997        7.0111323443157309E-085
  -4.5839999999999996       -9.9826425776413476E-083
  -4.5600000000000005       -2.5361438013069994E-080
  -4.5359999999999996       -3.6951785179273101E-078
  -4.5120000000000005       -7.8137235400659675E-076
  -4.4879999999999995       -2.3934766529998907E-074
  -4.4640000000000004        1.7594388021314200E-071
  -4.4399999999999995        1.5011583695815998E-069
  -4.4160000000000004        9.4515745591245531E-068
  -4.3919999999999995        4.6762556993003032E-065
  -4.3680000000000003        1.0504396028112443E-063
  -4.3439999999999994        1.2395744755144849E-061
  -4.3200000000000003        1.2674369582206416E-059
  -4.2960000000000003       -1.3223493917613106E-058
  -4.2720000000000002       -4.4543538261936790E-056
  -4.2480000000000002        2.0512602712257090E-054
  -4.2240000000000002        2.1737145804312159E-052
  -4.2000000000000002       -5.9764649228127209E-051
  -4.1760000000000002        3.0640256081534052E-049
  -4.1520000000000001        2.0617754183154932E-047
  -4.1280000000000001        1.9302195450619338E-046
  -4.1040000000000001        2.3728561878470882E-044
  -4.0800000000000001        4.1422201571476543E-043
  -4.0560000000000000       -1.5828657050257204E-041
  -4.0320000000000000       -3.5449980491971771E-040
  -4.0080000000000000        1.1705842200450994E-038
  -3.9840000000000000       -4.0793211399699808E-037
  -3.9600000000000000        9.4926125562647917E-036
  -3.9359999999999999        2.0923498996088293E-034
  -3.9119999999999999        8.4922882693739282E-033
  -3.8879999999999999       -3.9471940467406825E-032
  -3.8639999999999999        2.8671437239612653E-030
  -3.8399999999999999        6.3585735070445512E-029
  -3.8159999999999998       -4.8223384496714178E-028
  -3.7919999999999998       -1.8407402986367457E-027
  -3.7679999999999998       -3.6494455025890069E-026
  -3.7439999999999998        2.1376568629608836E-025
  -3.7199999999999998       -1.6115696515749143E-024
  -3.6959999999999997        5.8644427232485950E-023
  -3.6720000000000002        3.0559949850731042E-022
  -3.6480000000000001        4.7623183996627943E-021
  -3.6240000000000001        1.0638807959478642E-020
  -3.6000000000000001        2.1548845497853658E-019
  -3.5760000000000001        9.5184763248233824E-019
  -3.5520000000000000        3.5231352780132961E-018
  -3.5280000000000000       -5.8067701572326185E-018
  -3.5040000000000000       -5.7204115832793938E-018
  -3.4800000000000000       -2.3454439443182844E-017
  -3.4560000000000000        2.8769111641997633E-017
  -3.4319999999999999        1.4485947010551417E-018
  -3.4079999999999999        2.5444330572532239E-016
  -3.3839999999999999        4.0580475058889210E-016
  -3.3599999999999999        1.3018031740743066E-015
  -3.3359999999999999        1.9670060538256223E-015
  -3.3119999999999998        1.6142912526168013E-015
  -3.2879999999999998        1.3371619674970665E-015
  -3.2639999999999998        1.3019174959267222E-016
  -3.2399999999999998        6.2696594637711345E-016
  -3.2159999999999997        7.0165707932227163E-016
  -3.1919999999999997       -9.8885568839807243E-016
  -3.1680000000000001       -1.3392023473891243E-015
  -3.1440000000000001        6.1661700604798850E-016
  -3.1200000000000001       -5.5379691543956563E-016
  -3.0960000000000001        1.0612355273394945E-016
  -3.0720000000000001        7.0660946242234725E-016
  -3.0480000000000000        5.9982413772467263E-015
  -3.0240000000000000        2.0047551387783592E-014
  -3.0000000000000000        7.3844404537047233E-014
  -2.9760000000000000        2.4709838836170667E-013
  -2.9520000000000000        8.0430694964312093E-013
  -2.9279999999999999        2.5169615246816173E-012
  -2.9039999999999999        7.6037957238374796E-012
  -2.8799999999999999        2.2193572432161332E-011
  -2.8559999999999999        6.2632645432435306E-011
  -2.8319999999999999        1.7102777248291056E-010
  -2.8079999999999998        4.5227876024849206E-010
  -2.7839999999999998        1.1592598091539069E-009
  -2.7599999999999998        2.8822478343590480E-009
  -2.7359999999999998        6.9566471593264580E-009
  -2.7119999999999997        1.6312493945100545E-008
  -2.6879999999999997        3.7189443032548540E-008
  -2.6640000000000001        8.2493184894691999E-008
  -2.6400000000000001        1.7816757357540989E-007
  -2.6160000000000001        3.7493605194957763E-007
  -2.5920000000000001        7.6931106892115490E-007
  -2.5680000000000001        1.5401168424524261E-006
  -2.5440000000000000        3.0101991125216153E-006
  -2.5200000000000000        5.7478015744797504E-006
  -2.4960000000000000        1.0728537677644198E-005
  -2.4720000000000000        1.9587128970767037E-005
  -2.4480000000000000        3.4998044743690482E-005
  -2.4239999999999999        6.1235425218854586E-005
  -2.3999999999999999        1.0497425020510990E-004
  -2.3759999999999999        1.7640501997569441E-004
  -2.3519999999999999        2.9074089091925878E-004
  -2.3279999999999998        4.7019615467299206E-004
  -2.3039999999999998        7.4650445478564940E-004
  -2.2799999999999998        1.1640201916017117E-003
  -2.2559999999999998        1.7834033762182725E-003
  -2.2319999999999998        2.6858238652444663E-003
  -2.2079999999999997        3.9775342812734416E-003
  -2.1839999999999997        5.7945534543621200E-003
  -2.1600000000000001        8.3070787687095585E-003
  -2.1360000000000001        1.1723115188668082E-002
  -2.1120000000000001        1.6290683901621361E-002
  -2.0880000000000001        2.2297871096171828E-002
  -2.0640000000000001        3.0069916703399122E-002
  -2.0400000000000000        3.9962544238740183E-002
  -2.0160000000000000        5.2350815130338402E-002
  -1.9920000000000000        6.7612969012574436E-002
  -1.9680000000000000        8.6108993446115140E-002
  -1.9440000000000000       0.10815405097670514     
  -1.9199999999999999       0.13398736547529100     
  -1.8959999999999999       0.16373770792844128     
  -1.8719999999999999       0.19738718664132535     
  -1.8479999999999999       0.23473559000573638     
  -1.8239999999999998       0.27536799605107387     
  -1.7999999999999998       0.31862869358203327     
  -1.7759999999999998       0.36360459914229076     
  -1.7519999999999998       0.40912125537393734     
  -1.7279999999999998       0.45375412727212355     
  -1.7039999999999997       0.49585726094050869     
  -1.6799999999999997       0.53361044603759578     
  -1.6559999999999997       0.56508486515099199     
  -1.6319999999999997       0.58832588320001877     
  -1.6079999999999997       0.60145021261490961     
  -1.5839999999999996       0.60275328792783212     
  -1.5599999999999996       0.59082140928206606     
  -1.5359999999999996       0.56464218252029075     
  -1.5119999999999996       0.52370610023325848     
  -1.4879999999999995       0.46809186210611753     
  -1.4639999999999995       0.39852828639055216     
  -1.4399999999999995       0.31642644617234189     
  -1.4159999999999995       0.22387696486184769     
  -1.3919999999999995       0.12360917541974208     
  -1.3680000000000003        1.8910998737036441E-002
  -1.3440000000000003       -8.6489194692476790E-002
  -1.3200000000000003      -0.18857495930829965     
  -1.2960000000000003      -0.28322214826689562     
  -1.2720000000000002      -0.36639882631651682     
  -1.2480000000000002      -0.43437443842093221     
  -1.2240000000000002      -0.48392667530519817     
  -1.2000000000000002      -0.51253386649510491     
  -1.1760000000000002      -0.51854086276510258     
  -1.1520000000000001      -0.50128727312902344     
  -1.1280000000000001      -0.46118857556142140     
  -1.1040000000000001      -0.39976295316743726     
  -1.0800000000000001      -0.31959959809911537     
  -1.0560000000000000      -0.22426751230986661     
  -1.0320000000000000      -0.11816732366101421     
  -1.0080000000000000       -6.3321146358081845E-003
 -0.98399999999999999       0.10581349045325174     
 -0.95999999999999996       0.21272392664675285     
 -0.93599999999999994       0.30901874812927127     
 -0.91199999999999992       0.38976852505079762     
 -0.88799999999999990       0.45076445763535528     
 -0.86399999999999988       0.48875603866566725     
 -0.83999999999999986       0.50164249270179939     
 -0.81599999999999984       0.48860600273767707     
 -0.79199999999999982       0.45017778512437673     
 -0.76799999999999979       0.38823172469183775     
 -0.74399999999999977       0.30590432739592310     
 -0.71999999999999975       0.20744395315138681     
 -0.69599999999999973        9.7996408812011979E-002
 -0.67199999999999971       -1.6662236037545946E-002
 -0.64799999999999969      -0.13043152980203451     
 -0.62399999999999967      -0.23721468156182882     
 -0.59999999999999964      -0.33125069785020689     
 -0.57599999999999962      -0.40743203633151093     
 -0.55199999999999960      -0.46158975770178134     
 -0.52799999999999958      -0.49072976445457522     
 -0.50399999999999956      -0.49320629002903887     
 -0.47999999999999954      -0.46882220511985867     
 -0.45599999999999952      -0.41884975032427685     
 -0.43199999999999950      -0.34596975732806934     
 -0.40799999999999947      -0.25413202997706691     
 -0.38399999999999945      -0.14834405615154475     
 -0.36000000000000032       -3.4399350053720773E-002
 -0.33600000000000030        8.1439759219801858E-002
 -0.31200000000000028       0.19278738065456874     
 -0.28800000000000026       0.29348812855874906     
 -0.26400000000000023       0.37796014807879152     
 -0.24000000000000021       0.44150774359926270     
 -0.21600000000000019       0.48058586230568001     
 -0.19200000000000017       0.49300131362465704     
 -0.16800000000000015       0.47803910884914141     
 -0.14400000000000013       0.43650648734223507     
 -0.12000000000000011       0.37069181979788851     
  -9.6000000000000085E-002  0.28424038236636279     
  -7.2000000000000064E-002  0.18195370412332831     
  -4.8000000000000043E-002   6.9523535102268622E-002
  -2.4000000000000021E-002  -4.6784786190777514E-002
   0.0000000000000000      -0.16048188277495778     
   2.4000000000000021E-002 -0.26521721486937921     
   4.8000000000000043E-002 -0.35513488685934419     
   7.2000000000000064E-002 -0.42520234287880382     
   9.6000000000000085E-002 -0.47149339644502697     
  0.12000000000000011      -0.49140958138232627     
  0.14400000000000013      -0.48382726391243791     
  0.16800000000000015      -0.44916212443639214     
  0.19200000000000017      -0.38934726649380907     
  0.21600000000000019      -0.30772607655435574     
  0.24000000000000021      -0.20886576614696661     
  0.26400000000000023       -9.8302005099682704E-002
  0.28800000000000026        1.7771052190797824E-002
  0.31200000000000028       0.13284795694409018     
  0.33600000000000030       0.24047687292024200     
  0.36000000000000032       0.33462168996191671     
  0.38400000000000034       0.41000097965978144     
  0.40800000000000036       0.46238472220253030     
  0.43200000000000038       0.48883210203588406     
  0.45600000000000041       0.48785697995739963     
  0.48000000000000043       0.45951171409891867     
  0.50400000000000045       0.40538459280066524     
  0.52800000000000047       0.32851100003805694     
  0.55200000000000049       0.23320328526829529     
  0.57600000000000051       0.12480888124648327     
  0.60000000000000053        9.4102482997174570E-003
  0.62400000000000055      -0.10651650516522342     
  0.64800000000000058      -0.21646515236432617     
  0.67199999999999971      -0.31426460871173595     
  0.69599999999999973      -0.39442540598010412     
  0.71999999999999975      -0.45244791791798311     
  0.74399999999999977      -0.48507502393660884     
  0.76799999999999979      -0.49047501883835748     
  0.79199999999999982      -0.46834449497114083     
  0.81599999999999984      -0.41992541836987540     
  0.83999999999999986      -0.34793543977057328     
  0.86399999999999988      -0.25641535410400451     
  0.88799999999999990      -0.15050227451990825     
  0.91199999999999992       -3.6141257924152223E-002
  0.93599999999999994        8.0248425703764947E-002
  0.95999999999999996       0.19213364220711376     
  0.98399999999999999       0.29323412895904533     
   1.0080000000000000       0.37787502860873579     
   1.0320000000000000       0.44130543065639710     
   1.0560000000000000       0.47996504014950697     
   1.0800000000000001       0.49168400589891514     
   1.1040000000000001       0.47580469367303002     
   1.1280000000000001       0.43321857207311865     
   1.1520000000000001       0.36631614417475772     
   1.1760000000000002       0.27885273902210417     
   1.2000000000000002       0.17573769971527500     
   1.2240000000000002        6.2758804088894574E-002
   1.2480000000000002       -5.3742611410521113E-002
   1.2720000000000002      -0.16722758800493540     
   1.2960000000000003      -0.27132656207719769     
   1.3200000000000003      -0.36019686405385881     
   1.3440000000000003      -0.42885063415948987     
   1.3680000000000003      -0.47343475187216022     
   1.3920000000000003      -0.49144706998424070     
   1.4160000000000004      -0.48187681970888735     
   1.4400000000000004      -0.44526130955401494     
   1.4640000000000004      -0.38365573881128234     
   1.4880000000000004      -0.30051782279964079     
   1.5120000000000005      -0.20051370780366815     
   1.5360000000000005       -8.9256070675771279E-002
   1.5600000000000005        2.7010896523348277E-002
   1.5840000000000005       0.14176193620474620     
   1.6080000000000005       0.24855694068375661     
   1.6320000000000006       0.34140238071768586     
   1.6560000000000006       0.41508766383028550     
   1.6799999999999997       0.46547754667726005     
   1.7039999999999997       0.48974419248838441     
   1.7279999999999998       0.48652585214379213     
   1.7519999999999998       0.45600326557603643     
   1.7759999999999998       0.39988949781741789     
   1.7999999999999998       0.32133378199543827     
   1.8239999999999998       0.22474476730272291     
   1.8479999999999999       0.11554309263469298     
   1.8719999999999999       -1.4282758226385911E-004
   1.8959999999999999      -0.11582073238490548     
   1.9199999999999999      -0.22499885678958095     
   1.9440000000000000      -0.32155024138695593     
   1.9680000000000000      -0.40005656482735080     
   1.9920000000000000      -0.45611220451126688     
   2.0160000000000000      -0.48657146301714560     
   2.0400000000000009      -0.48972508744563653     
   2.0640000000000001      -0.46539617692977608     
   2.0880000000000010      -0.41495009736963984     
   2.1120000000000001      -0.34121784813448713     
   2.1360000000000010      -0.24833718223670007     
   2.1600000000000001      -0.14152039678322501     
   2.1840000000000011       -2.6761825368789623E-002
   2.2080000000000002        8.9498552405515089E-002
   2.2319999999999993       0.20073650677864618     
   2.2560000000000002       0.30070967855813535     
   2.2799999999999994       0.38380787933963351     
   2.3040000000000003       0.44536791383332058     
   2.3279999999999994       0.48193525798950854     
   2.3520000000000003       0.49145790901975484     
   2.3759999999999994       0.47340152977212691     
   2.4000000000000004       0.42877942663798957     
   2.4239999999999995       0.36009567939266834     
   2.4480000000000004       0.27120461491501846     
   2.4719999999999995       0.16709451111264284     
   2.4960000000000004        5.3607669177937717E-002
   2.5199999999999996       -6.2887437069488392E-002
   2.5440000000000005      -0.17585353689494362     
   2.5679999999999996      -0.27895140887107517     
   2.5920000000000005      -0.36639561175536517     
   2.6159999999999997      -0.43327913803700324     
   2.6400000000000006      -0.47584877220036931     
   2.6639999999999997      -0.49171570207548143     
   2.6880000000000006      -0.47998956502020906     
   2.7119999999999997      -0.44132840721404010     
   2.7360000000000007      -0.37790175293532746     
   2.7599999999999998      -0.29326885655820462     
   2.7840000000000007      -0.19217896953335473     
   2.8079999999999998       -8.0304830728947979E-002
   2.8320000000000007        3.6075664357799270E-002
   2.8559999999999999       0.15043175211830537     
   2.8800000000000008       0.25634627820606554     
   2.9039999999999999       0.34787579875564184     
   2.9280000000000008       0.41988409830763385     
   2.9520000000000000       0.46833040909114848     
   2.9760000000000009       0.49049615831130028     
   3.0000000000000000       0.48513751964259855     
   3.0240000000000009       0.45255520866568216     
   3.0480000000000000       0.39457760586679641     
   3.0720000000000010       0.31445815445424052     
   3.0960000000000001       0.21669279071214284     
   3.1200000000000010       0.10676765197068412     
   3.1440000000000001       -9.1487802821956597E-003
   3.1680000000000010      -0.12455182663444538     
   3.1920000000000002      -0.23296562124790415     
   3.2160000000000011      -0.32830650595652727     
   3.2400000000000002      -0.40522441510146839     
   3.2639999999999993      -0.45940309432657700     
   3.2880000000000003      -0.48780230662184682     
   3.3119999999999994      -0.48882843431240225     
   3.3360000000000003      -0.46242390376829856     
   3.3599999999999994      -0.41007041488095075     
   3.3840000000000003      -0.33470579419638818     
   3.4079999999999995      -0.24055913759498798     
   3.4320000000000004      -0.13291349357363599     
   3.4559999999999995       -1.7809404224483558E-002
   3.4800000000000004        9.8294060249660503E-002
   3.5039999999999996       0.20888175241878137     
   3.5280000000000005       0.30774804498573333     
   3.5519999999999996       0.38934505915934486     
   3.5760000000000005       0.44909398325717892     
   3.5999999999999996       0.48364201196087092     
   3.6240000000000006       0.49105048815292279     
   3.6479999999999997       0.47090368983378667     
   3.6720000000000006       0.42433215761615273     
   3.6959999999999997       0.35394925384015652     
   3.7200000000000006       0.26370451334737272     
   3.7439999999999998       0.15866201517047493     
   3.7680000000000007        4.4716211827589086E-002
   3.7919999999999998       -7.1738837543266695E-002
   3.8160000000000007      -0.18416826925016608     
   3.8399999999999999      -0.28626311817633171     
   3.8640000000000008      -0.37229434448107279     
   3.8879999999999999      -0.43743431772926156     
   3.9120000000000008      -0.47802771843782388     
   3.9359999999999999      -0.49179665546967294     
   3.9600000000000009      -0.47796848917845342     
   3.9840000000000000      -0.43731918756499510     
   4.0080000000000009      -0.37212978255795981     
   4.0320000000000000      -0.28605836990143951     
   4.0560000000000009      -0.18393483538436015     
   4.0800000000000001       -7.1489826339008772E-002
   4.1040000000000010        4.4966822855724300E-002
   4.1280000000000001       0.15890016615879549     
   4.1520000000000010       0.26391685325794240     
   4.1760000000000002       0.35412389125071253     
   4.2000000000000011       0.42445932877819359     
   4.2240000000000002       0.47097630634621834     
   4.2479999999999993       0.49106453342108597     
   4.2720000000000002       0.48359676417459030     
   4.2959999999999994       0.44899205244116869     
   4.3200000000000003       0.38919223636843697     
   4.3439999999999994       0.30755297233991463     
   4.3680000000000003       0.20865543279690565     
   4.3919999999999995        9.8049234512610439E-002
   4.4160000000000004       -1.8058977143269199E-002
   4.4399999999999995      -0.13315381291258988     
   4.4640000000000004      -0.24077674940241123     
   4.4879999999999995      -0.33488854777018917     
   4.5120000000000005      -0.41020814429667302     
   4.5359999999999996      -0.46250899608114132     
   4.5600000000000005      -0.48885625249310594     
   4.5839999999999996      -0.48777144356655860     
   4.6080000000000005      -0.45931544389504081     
   4.6319999999999997      -0.40508505653855587     
   4.6560000000000006      -0.32812340864698697     
   4.6799999999999997      -0.23274918694005040     
   4.7040000000000006      -0.12431429546551630     
   4.7279999999999998       -8.9035346231553028E-003
   4.7520000000000007       0.10700684609685074     
   4.7759999999999998       0.21691256142263218     
   4.8000000000000007       0.31464627680080443     
   4.8239999999999998       0.39472368695549676     
   4.8480000000000008       0.45265126639050346     
   4.8719999999999999       0.48517842249067233     
   4.8960000000000008       0.49047990171524447     
   4.9199999999999999       0.46825821320830652     
   4.9440000000000008       0.41976032235597088     
   4.9680000000000000       0.34770767754176168     
   4.9920000000000009       0.25614349663854574     
   5.0160000000000000       0.15020588272500590     
   5.0400000000000009        3.5839500589160550E-002
   5.0640000000000001       -8.0538006772903736E-002
   5.0880000000000010      -0.19239614270183991     
   5.1120000000000001      -0.29345801415920841     
   5.1360000000000010      -0.37805255808802868     
   5.1600000000000001      -0.44143277175287049     
   5.1840000000000011      -0.48004208964225803     
   5.2080000000000002      -0.49171395926028438     
   5.2320000000000011      -0.47579341666319674     
   5.2560000000000002      -0.43317383956271760     
   5.2799999999999994      -0.36624681560824957     
   5.3040000000000003      -0.27876793898087954     
   5.3279999999999994      -0.17564606609411282     
   5.3520000000000003       -6.2667856269512351E-002
   5.3759999999999994        5.3826945277351268E-002
   5.4000000000000004       0.16730126072263865     
   5.4239999999999995       0.27138750618165314     
   5.4480000000000004       0.36024490713526031     
   5.4719999999999995       0.42888725206771156     
   5.4960000000000004       0.47346269250137352     
   5.5199999999999996       0.49146988851924689     
   5.5440000000000005       0.48189837082390896     
   5.5679999999999996       0.44528524295231231     
   5.5920000000000005       0.38368504181770174     
   5.6159999999999997       0.30055444784905205     
   5.6400000000000006       0.20055831419226486     
   5.6639999999999997        8.9307899598635013E-002
   5.6880000000000006       -2.6954006000831046E-002
   5.7119999999999997      -0.14170339413314592     
   5.7360000000000007      -0.24850113092494189     
   5.7599999999999998      -0.34135428752113051     
   5.7840000000000007      -0.41505243181323148     
   5.8079999999999998      -0.46546001055037944     
   5.8320000000000007      -0.48974841488362186     
   5.8559999999999999      -0.48655470704376452     
   5.8800000000000008      -0.45605810124547197     
   5.9039999999999999      -0.39996990711184022     
   5.9280000000000008      -0.32143749994290305     
   5.9520000000000000      -0.22486770651388416     
   5.9760000000000009      -0.11567951706655252     
