  -6.0000000000000000       -1.3853926875332086E-266
  -5.9760000000000000       -2.7021690535717365E-262
  -5.9520000000000000       -1.0910090593893769E-258
  -5.9279999999999999       -4.4284496991529395E-255
  -5.9039999999999999       -1.0153102225274230E-250
  -5.8799999999999999       -4.4171144782819726E-247
  -5.8559999999999999       -1.6790262499183167E-243
  -5.8319999999999999       -4.3592094200774444E-239
  -5.8079999999999998       -2.7617147520193710E-235
  -5.7839999999999998       -1.7897148929949812E-231
  -5.7599999999999998       -1.0895629423407143E-227
  -5.7359999999999998       -9.8280945903176253E-225
  -5.7119999999999997       -1.7429727690637625E-220
  -5.6879999999999997       -9.0758629886271412E-217
  -5.6639999999999997       -8.7792343220395919E-214
  -5.6399999999999997       -4.1817046839840850E-211
  -5.6159999999999997       -3.4950734184980632E-206
  -5.5919999999999996       -8.6629044097831787E-203
  -5.5679999999999996       -2.6675383190532455E-199
  -5.5439999999999996       -1.4778996472466941E-196
  -5.5199999999999996       -1.7070744409587547E-192
  -5.4960000000000004       -7.3972935370833106E-189
  -5.4719999999999995       -7.9710168018504838E-186
  -5.4480000000000004       -1.6102192412742494E-182
  -5.4239999999999995       -6.7157782822370157E-179
  -5.4000000000000004       -1.5354767781387527E-175
  -5.3760000000000003        7.5894709296020723E-173
  -5.3520000000000003       -4.7569079388337443E-169
  -5.3280000000000003       -4.8070767140114304E-166
  -5.3040000000000003       -5.4597397308053379E-163
  -5.2800000000000002       -5.9201973206960944E-160
  -5.2560000000000002       -3.6795656301949625E-157
  -5.2320000000000002       -1.1498744435716776E-153
  -5.2080000000000002       -7.6258748592453826E-151
  -5.1840000000000002       -1.0807754334589533E-147
  -5.1600000000000001       -1.8054208996800907E-144
  -5.1360000000000001       -9.7130205974302635E-142
  -5.1120000000000001       -5.2120661032509322E-139
  -5.0880000000000001       -8.1268830893338525E-136
  -5.0640000000000001       -2.7212245034230275E-134
  -5.0400000000000000       -1.0118076084871157E-130
  -5.0160000000000000       -1.8558939911059164E-127
  -4.9920000000000000       -3.8123259540832987E-125
  -4.9680000000000000       -6.3791122400593142E-122
  -4.9440000000000000       -1.5911676610771724E-119
  -4.9199999999999999        3.0510629856195230E-118
  -4.8959999999999999       -4.3231864068960711E-114
  -4.8719999999999999       -1.1610133078406890E-111
  -4.8479999999999999       -6.6622984947558439E-109
  -4.8239999999999998       -1.8548638242675643E-106
  -4.7999999999999998        1.3950859224944441E-104
  -4.7759999999999998       -3.0153182068900953E-101
  -4.7519999999999998       -2.0326278792853319E-099
  -4.7279999999999998       -2.6959848737446846E-096
  -4.7039999999999997       -1.5273775122233472E-094
  -4.6799999999999997       -1.5829831017613830E-092
  -4.6559999999999997       -8.3212754502368000E-090
  -4.6319999999999997       -2.1024898869528604E-087
  -4.6079999999999997       -2.6223310912189683E-085
  -4.5839999999999996       -3.8066272360658603E-083
  -4.5600000000000005       -3.4938696176557253E-081
  -4.5359999999999996       -1.0861327146169598E-078
  -4.5120000000000005       -1.1536027331447344E-076
  -4.4879999999999995       -9.6446128648880393E-075
  -4.4640000000000004       -4.1634478592410172E-072
  -4.4399999999999995       -2.9112968253823862E-071
  -4.4160000000000004       -2.9099853163913035E-068
  -4.3919999999999995       -4.9549231941023280E-066
  -4.3680000000000003       -1.4070119066625595E-064
  -4.3439999999999994       -1.0438413661090941E-062
  -4.3200000000000003       -2.6033113108361743E-060
  -4.2960000000000003       -6.6786820200017570E-059
  -4.2720000000000002       -8.5488875961249671E-057
  -4.2480000000000002       -6.9327366477647858E-055
  -4.2240000000000002       -4.9542171074916762E-053
  -4.2000000000000002        2.5358005778123217E-052
  -4.1760000000000002       -8.1034548445864968E-050
  -4.1520000000000001       -1.2279135838636339E-048
  -4.1280000000000001       -1.1232564079309160E-046
  -4.1040000000000001       -1.1958999435960891E-045
  -4.0800000000000001       -1.3737374149428391E-044
  -4.0560000000000000       -2.7993844105137260E-042
  -4.0320000000000000       -1.4253472479154547E-040
  -4.0080000000000000       -2.4578739623961779E-039
  -3.9840000000000000       -1.4577134110487906E-037
  -3.9600000000000000       -3.2696673039373686E-036
  -3.9359999999999999       -3.8568178901570643E-035
  -3.9119999999999999       -1.1837733374335702E-033
  -3.8879999999999999       -2.7793074446747573E-032
  -3.8639999999999999       -6.6837375156595397E-031
  -3.8399999999999999       -3.4465271933440331E-030
  -3.8159999999999998       -7.5898783813112002E-030
  -3.7919999999999998       -1.3121805858326245E-027
  -3.7679999999999998       -1.3699294397433796E-026
  -3.7439999999999998       -2.7509842319419849E-025
  -3.7199999999999998       -1.9926659801720294E-024
  -3.6959999999999997       -2.3376292568495054E-023
  -3.6720000000000002       -1.4179809029622625E-022
  -3.6480000000000001       -8.3265040696962712E-022
  -3.6240000000000001       -1.1565058940154376E-020
  -3.6000000000000001       -8.1689551679409616E-020
  -3.5760000000000001       -6.5236589777095916E-020
  -3.5520000000000000       -1.0778262666965650E-018
  -3.5280000000000000       -5.3231429398521386E-020
  -3.5040000000000000       -2.5388406011277886E-018
  -3.4800000000000000       -4.7763730093498517E-017
  -3.4560000000000000        4.1361793561133513E-018
  -3.4319999999999999       -3.1714184208128188E-016
  -3.4079999999999999       -3.0024159034621521E-016
  -3.3839999999999999       -2.0210864121810196E-016
  -3.3599999999999999       -1.1388641660031691E-015
  -3.3359999999999999       -6.6823282024298553E-016
  -3.3119999999999998        2.9425859169823277E-016
  -3.2879999999999998        3.1166039057273786E-016
  -3.2639999999999998        1.9781587917268220E-015
  -3.2399999999999998        3.7928061070595440E-016
  -3.2159999999999997       -1.5942035790661209E-015
  -3.1919999999999997       -2.6077233619965876E-016
  -3.1680000000000001       -4.1779016984529343E-016
  -3.1440000000000001        5.6608100217701297E-017
  -3.1200000000000001       -1.6476288649025251E-017
  -3.0960000000000001        2.1725155874918227E-016
  -3.0720000000000001       -7.9017333887899924E-016
  -3.0480000000000000        1.5238003125192253E-015
  -3.0240000000000000       -5.2624665704150875E-016
  -3.0000000000000000       -2.5707159360411049E-016
  -2.9760000000000000       -6.3477460777200049E-017
  -2.9520000000000000       -6.0256581334142647E-016
  -2.9279999999999999        3.4273309014023885E-016
  -2.9039999999999999       -2.7287967986231475E-016
  -2.8799999999999999       -2.9893423332836901E-015
  -2.8559999999999999       -7.3079259168383310E-015
  -2.8319999999999999       -2.1767945882854309E-014
  -2.8079999999999998       -5.3351203784761036E-014
  -2.7839999999999998       -1.4022643638408384E-013
  -2.7599999999999998       -3.5830095599433389E-013
  -2.7359999999999998       -8.8863027530605499E-013
  -2.7119999999999997       -2.1380755817841513E-012
  -2.6879999999999997       -5.0205648065806440E-012
  -2.6640000000000001       -1.1469293693969073E-011
  -2.6400000000000001       -2.5539986756072407E-011
  -2.6160000000000001       -5.5484797827073333E-011
  -2.5920000000000001       -1.1767703801911556E-010
  -2.5680000000000001       -2.4381863673489435E-010
  -2.5440000000000000       -4.9386835672131124E-010
  -2.5200000000000000       -9.7860977241616190E-010
  -2.4960000000000000       -1.8982430376508420E-009
  -2.4720000000000000       -3.6067704266168482E-009
  -2.4480000000000000       -6.7171139519135746E-009
  -2.4239999999999999       -1.2269026114939432E-008
  -2.3999999999999999       -2.1991738762374226E-008
  -2.3759999999999999       -3.8706449395134382E-008
  -2.3519999999999999       -6.6930876196357172E-008
  -2.3279999999999998       -1.1376994229243498E-007
  -2.3039999999999998       -1.9020332988823642E-007
  -2.2799999999999998       -3.1291283260408554E-007
  -2.2559999999999998       -5.0682958029718384E-007
  -2.2319999999999998       -8.0862307987499133E-007
  -2.2079999999999997       -1.2713991937908157E-006
  -2.1839999999999997       -1.9709211113982834E-006
  -2.1600000000000001       -3.0137134152465197E-006
  -2.1360000000000001       -4.5474514664392052E-006
  -2.1120000000000001       -6.7740729936506990E-006
  -2.0880000000000001       -9.9660716357012373E-006
  -2.0640000000000001       -1.4486439148092150E-005
  -2.0400000000000000       -2.0812709862495093E-005
  -2.0160000000000000       -2.9565523763862521E-005
  -1.9920000000000000       -4.1542060379593127E-005
  -1.9680000000000000       -5.7754602357086149E-005
  -1.9440000000000000       -7.9474364361291970E-005
  -1.9199999999999999       -1.0828057078053429E-004
  -1.8959999999999999       -1.4611458694408755E-004
  -1.8719999999999999       -1.9533870759528218E-004
  -1.8479999999999999       -2.5879898884427168E-004
  -1.8239999999999998       -3.3989128329025675E-004
  -1.7999999999999998       -4.4262941062588805E-004
  -1.7759999999999998       -5.7171417723567662E-004
  -1.7519999999999998       -7.3260175747657987E-004
  -1.7279999999999998       -9.3156977570016625E-004
  -1.7039999999999997       -1.1757792906317590E-003
  -1.6799999999999997       -1.4733307895965183E-003
  -1.6559999999999997       -1.8333122558477884E-003
  -1.6319999999999997       -2.2658373817584835E-003
  -1.6079999999999997       -2.7820720663196074E-003
  -1.5839999999999996       -3.3942474574678236E-003
  -1.5599999999999996       -4.1156579759242329E-003
  -1.5359999999999996       -4.9606429836271644E-003
  -1.5119999999999996       -5.9445510306144035E-003
  -1.4879999999999995       -7.0836859216759978E-003
  -1.4639999999999995       -8.3952341799975218E-003
  -1.4399999999999995       -9.8971738393606647E-003
  -1.4159999999999995       -1.1608164859970021E-002
  -1.3919999999999995       -1.3547421824882928E-002
  -1.3680000000000003       -1.5734569925475957E-002
  -1.3440000000000003       -1.8189485575762294E-002
  -1.3200000000000003       -2.0932123298928299E-002
  -1.2960000000000003       -2.3982330798068687E-002
  -1.2720000000000002       -2.7359654351500277E-002
  -1.2480000000000002       -3.1083136856448732E-002
  -1.2240000000000002       -3.5171110981233253E-002
  -1.2000000000000002       -3.9640989973586643E-002
  -1.1760000000000002       -4.4509058711613411E-002
  -1.1520000000000001       -4.9790267575565067E-002
  -1.1280000000000001       -5.5498031665172635E-002
  -1.1040000000000001       -6.1644037792616020E-002
  -1.0800000000000001       -6.8238061548803089E-002
  -1.0560000000000000       -7.5287796575907978E-002
  -1.0320000000000000       -8.2798697986495931E-002
  -1.0080000000000000       -9.0773841654946355E-002
 -0.98399999999999999       -9.9213800875195365E-002
 -0.95999999999999996      -0.10811654163579053     
 -0.93599999999999994      -0.11747733751334448     
 -0.91199999999999992      -0.12728870493430872     
 -0.88799999999999990      -0.13754035930581859     
 -0.86399999999999988      -0.14821919227418259     
 -0.83999999999999986      -0.15930927013672899     
 -0.81599999999999984      -0.17079185321292203     
 -0.79199999999999982      -0.18264543577542708     
 -0.76799999999999979      -0.19484580595341330     
 -0.74399999999999977      -0.20736612484997602     
 -0.71999999999999975      -0.22017702396370095     
 -0.69599999999999973      -0.23324671987179985     
 -0.67199999999999971      -0.24654114501855021     
 -0.64799999999999969      -0.26002409335785914     
 -0.62399999999999967      -0.27365737952186925     
 -0.59999999999999964      -0.28740101012778779     
 -0.57599999999999962      -0.30121336579162322     
 -0.55199999999999960      -0.31505139238891910     
 -0.52799999999999958      -0.32887080008778863     
 -0.50399999999999956      -0.34262626867734192     
 -0.47999999999999954      -0.35627165772367081     
 -0.45599999999999952      -0.36976022010463289     
 -0.43199999999999950      -0.38304481750293112     
 -0.40799999999999947      -0.39607813647317874     
 -0.38399999999999945      -0.40881290374185691     
 -0.36000000000000032      -0.42120209944890324     
 -0.33600000000000030      -0.43319916709504969     
 -0.31200000000000028      -0.44475821901976620     
 -0.28800000000000026      -0.45583423630034370     
 -0.26400000000000023      -0.46638326203277247     
 -0.24000000000000021      -0.47636258702977158     
 -0.21600000000000019      -0.48573092705001064     
 -0.19200000000000017      -0.49444859075530301     
 -0.16800000000000015      -0.50247763767912090     
 -0.14400000000000013      -0.50978202557959285     
 -0.12000000000000011      -0.51632774664321135     
  -9.6000000000000085E-002 -0.52208295210071154     
  -7.2000000000000064E-002 -0.52701806491388870     
  -4.8000000000000043E-002 -0.53110588029015171     
  -2.4000000000000021E-002 -0.53432165387950492     
   0.0000000000000000      -0.53664317760555424     
   2.4000000000000021E-002 -0.53805084317625962     
   4.8000000000000043E-002 -0.53852769341079476     
   7.2000000000000064E-002 -0.53805946160436247     
   9.6000000000000085E-002 -0.53663459923199897     
  0.12000000000000011      -0.53424429236416293     
  0.14400000000000013      -0.53088246723041788     
  0.16800000000000015      -0.52654578542147745     
  0.19200000000000017      -0.52123362926456784     
  0.21600000000000019      -0.51494807794132524     
  0.24000000000000021      -0.50769387494195817     
  0.26400000000000023      -0.49947838746397782     
  0.28800000000000026      -0.49031155836917623     
  0.31200000000000028      -0.48020585130926607     
  0.33600000000000030      -0.46917618961972740     
  0.36000000000000032      -0.45723988956376621     
  0.38400000000000034      -0.44441658848513471     
  0.40800000000000036      -0.43072816840105105     
  0.43200000000000038      -0.41619867553544415     
  0.45600000000000041      -0.40085423625976924     
  0.48000000000000043      -0.38472296987433019     
  0.50400000000000045      -0.36783489862847113     
  0.52800000000000047      -0.35022185534399675     
  0.55200000000000049      -0.33191738897337975     
  0.57600000000000051      -0.31295666839312597     
  0.60000000000000053      -0.29337638470384725     
  0.62400000000000055      -0.27321465228196812     
  0.64800000000000058      -0.25251090880419791     
  0.67199999999999971      -0.23130581444468629     
  0.69599999999999973      -0.20964115042636447     
  0.71999999999999975      -0.18755971709210739     
  0.74399999999999977      -0.16510523164815380     
  0.76799999999999979      -0.14232222572125358     
  0.79199999999999982      -0.11925594286223733     
  0.81599999999999984       -9.5952236122002973E-002
  0.83999999999999986       -7.2457465820776099E-002
  0.86399999999999988       -4.8818397627960648E-002
  0.88799999999999990       -2.5082101067696802E-002
  0.91199999999999992       -1.2958485639518505E-003
  0.93599999999999994        2.2492984861222150E-002
  0.95999999999999996        4.6237021122368771E-002
  0.98399999999999999        6.9888977723440895E-002
   1.0080000000000000        9.3401765412685342E-002
   1.0320000000000000       0.11672858472210833     
   1.0560000000000000       0.13982302127248028     
   1.0800000000000001       0.16263913972332247     
   1.1040000000000001       0.18513157624587295     
   1.1280000000000001       0.20725562939576644     
   1.1520000000000001       0.22896734926125592     
   1.1760000000000002       0.25022362476194387     
   1.2000000000000002       0.27098226897280975     
   1.2240000000000002       0.29120210234819660     
   1.2480000000000002       0.31084303372095273     
   1.2720000000000002       0.32986613895266403     
   1.2960000000000003       0.34823373711226041     
   1.3200000000000003       0.36590946406194164     
   1.3440000000000003       0.38285834333148000     
   1.3680000000000003       0.39904685416459718     
   1.3920000000000003       0.41444299662403689     
   1.4160000000000004       0.42901635364539076     
   1.4400000000000004       0.44273814993357369     
   1.4640000000000004       0.45558130759996840     
   1.4880000000000004       0.46752049844292670     
   1.5120000000000005       0.47853219277915432     
   1.5360000000000005       0.48859470473883349     
   1.5600000000000005       0.49768823394289269     
   1.5840000000000005       0.50579490348666234     
   1.6080000000000005       0.51289879416042938     
   1.6320000000000006       0.51898597484369346     
   1.6560000000000006       0.52404452901658116     
   1.6799999999999997       0.52806457733883172     
   1.7039999999999997       0.53103829625366439     
   1.7279999999999998       0.53295993258121244     
   1.7519999999999998       0.53382581407336349     
   1.7759999999999998       0.53363435590961272     
   1.7999999999999998       0.53238606312083381     
   1.8239999999999998       0.53008352893576194     
   1.8479999999999999       0.52673142905264114     
   1.8719999999999999       0.52233651184625951     
   1.8959999999999999       0.51690758452847740     
   1.9199999999999999       0.51045549528807932     
   1.9440000000000000       0.50299311144361525     
   1.9680000000000000       0.49453529365068410     
   1.9920000000000000       0.48509886621273313     
   2.0160000000000000       0.47470258355219225     
   2.0400000000000009       0.46336709290619438     
   2.0640000000000001       0.45111489331865229     
   2.0880000000000010       0.43797029100771528     
   2.1120000000000001       0.42395935119481271     
   2.1360000000000010       0.40910984648850535     
   2.1600000000000001       0.39345120192319832     
   2.1840000000000011       0.37701443675938662     
   2.2080000000000002       0.35983210315862391     
   2.2319999999999993       0.34193822185251016     
   2.2560000000000002       0.32336821493112472     
   2.2799999999999994       0.30415883588193771     
   2.3040000000000003       0.28434809701586600     
   2.3279999999999994       0.26397519442226069     
   2.3520000000000003       0.24308043059963236     
   2.3759999999999994       0.22170513491352642     
   2.4000000000000004       0.19989158203736479     
   2.4239999999999995       0.17768290853607516     
   2.4480000000000004       0.15512302775613890     
   2.4719999999999995       0.13225654318900726     
   2.4960000000000004       0.10912866047798730     
   2.5199999999999996        8.5785098241442440E-002
   2.5440000000000005        6.2271997887496461E-002
   2.5679999999999996        3.8635832597533643E-002
   2.5920000000000005        1.4923315657479065E-002
   2.6159999999999997       -8.8186916828325874E-003
   2.6400000000000006       -3.2543272640870348E-002
   2.6639999999999997       -5.6203547441283808E-002
   2.6880000000000006       -7.9752765782210702E-002
   2.7119999999999997      -0.10314439904594368     
   2.7360000000000007      -0.12633223207231464     
   2.7599999999999998      -0.14927045431391073     
   2.7840000000000007      -0.17191375019355909     
   2.8079999999999998      -0.19421738848589667     
   2.8320000000000007      -0.21613731054685853     
   2.8559999999999999      -0.23763021721706637     
   2.8800000000000008      -0.25865365422775710     
   2.9039999999999999      -0.27916609594076591     
   2.9280000000000008      -0.29912702725736706     
   2.9520000000000000      -0.31849702353436399     
   2.9760000000000009      -0.33723782834971927     
   3.0000000000000000      -0.35531242896424076     
   3.0240000000000009      -0.37268512933039116     
   3.0480000000000000      -0.38932162050405561     
   3.0720000000000010      -0.40518904832033270     
   3.0960000000000001      -0.42025607819961269     
   3.1200000000000010      -0.43449295695608153     
   3.1440000000000001      -0.44787157148647827     
   3.1680000000000010      -0.46036550422327710     
   3.1920000000000002      -0.47195008524266707     
   3.2160000000000011      -0.48260244092446919     
   3.2400000000000002      -0.49230153906777463     
   3.2639999999999993      -0.50102823037318045     
   3.2880000000000003      -0.50876528620967287     
   3.3119999999999994      -0.51549743259141068     
   3.3360000000000003      -0.52121138029733360     
   3.3599999999999994      -0.52589585107399783     
   3.3840000000000003      -0.52954159986978189     
   3.4079999999999995      -0.53214143305652550     
   3.4320000000000004      -0.53369022260243137     
   3.4559999999999995      -0.53418491616828767     
   3.4800000000000004      -0.53362454310684349     
   3.5039999999999996      -0.53201021635349566     
   3.5280000000000005      -0.52934513020440299     
   3.5519999999999996      -0.52563455398635051     
   3.5760000000000005      -0.52088582163072772     
   3.5999999999999996      -0.51510831717222128     
   3.6240000000000006      -0.50831345620060031     
   3.6479999999999997      -0.50051466330231886     
   3.6720000000000006      -0.49172734553626435     
   3.6959999999999997      -0.48196886199597777     
   3.7200000000000006      -0.47125848951842531     
   3.7439999999999998      -0.45961738460684420     
   3.7680000000000007      -0.44706854164291543     
   3.7919999999999998      -0.43363674747056863     
   3.8160000000000007      -0.41934853244115028     
   3.8399999999999999      -0.40423211801648473     
   3.8640000000000008      -0.38831736103326103     
   3.8879999999999999      -0.37163569473872443     
   3.9120000000000008      -0.35422006671407258     
   3.9359999999999999      -0.33610487380808035     
   3.9600000000000009      -0.31732589420934243     
   3.9840000000000000      -0.29792021679130870     
   4.0080000000000009      -0.27792616786949825     
   4.0320000000000000      -0.25738323551552728     
   4.0560000000000009      -0.23633199157735854     
   4.0800000000000001      -0.21481401155971555     
   4.1040000000000010      -0.19287179252284820     
   4.1280000000000001      -0.17054866916171454     
   4.1520000000000010      -0.14788872823131310     
   4.1760000000000002      -0.12493672148706612     
   4.2000000000000011      -0.10173797731219530     
   4.2240000000000002       -7.8338311206544581E-002
   4.2479999999999993       -5.4783935313602025E-002
   4.2720000000000002       -3.1121367164352039E-002
   4.2959999999999994       -7.3973378181334520E-003
   4.3200000000000003        1.6341300418084549E-002
   4.3439999999999994        4.0047666509822812E-002
   4.3680000000000003        6.3674943271909673E-002
   4.3919999999999995        8.7176469819200089E-002
   4.4160000000000004       0.11050583370862355     
   4.4399999999999995       0.13361696259064348     
   4.4640000000000004       0.15646421518911155     
   4.4879999999999995       0.17900247142989834     
   4.5120000000000005       0.20118722154029625     
   4.5359999999999996       0.22297465394327670     
   4.5600000000000005       0.24432174177300367     
   4.5839999999999996       0.26518632784079704     
   4.6080000000000005       0.28552720788371710     
   4.6319999999999997       0.30530421193144519     
   4.6560000000000006       0.32447828363067821     
   4.6799999999999997       0.34301155737051237     
   4.7040000000000006       0.36086743305639452     
   4.7279999999999998       0.37801064838506021     
   4.7520000000000007       0.39440734847771131     
   4.7759999999999998       0.41002515273389090     
   4.8000000000000007       0.42483321877407432     
   4.8239999999999998       0.43880230334468073     
   4.8480000000000008       0.45190482006521576     
   4.8719999999999999       0.46411489390354849     
   4.8960000000000008       0.47540841227169056     
   4.9199999999999999       0.48576307264120150     
   4.9440000000000008       0.49515842658417630     
   4.9680000000000000       0.50357592015286257     
   4.9920000000000009       0.51099893051812262     
   5.0160000000000000       0.51741279879441882     
   5.0400000000000009       0.52280485898646778     
   5.0640000000000001       0.52716446300041853     
   5.0880000000000010       0.53048300167016116     
   5.1120000000000001       0.53275392175719904     
   5.1360000000000010       0.53397273889057917     
   5.1600000000000001       0.53413704642122994     
   5.1840000000000011       0.53324652017333329     
   5.2080000000000002       0.53130291908322447     
   5.2320000000000011       0.52831008172463922     
   5.2560000000000002       0.52427391872713069     
   5.2799999999999994       0.51920240110263705     
   5.3040000000000003       0.51310554450322787     
   5.3279999999999994       0.50599538944115519     
   5.3520000000000003       0.49788597751020275     
   5.3759999999999994       0.48879332365536671     
   5.4000000000000004       0.47873538454555947     
   5.4239999999999995       0.46773202311183465     
   5.4480000000000004       0.45580496932112635     
   5.4719999999999995       0.44297777726300336     
   5.4960000000000004       0.42927577863413735     
   5.5199999999999996       0.41472603271238923     
   5.5440000000000005       0.39935727291924850     
   5.5679999999999996       0.38319985007620411     
   5.5920000000000005       0.36628567246706589     
   5.6159999999999997       0.34864814282461770     
   5.6400000000000006       0.33032209236603449     
   5.6639999999999997       0.31134371200733074     
   5.6880000000000006       0.29175048089267275     
   5.7119999999999997       0.27158109237969980     
   5.7360000000000007       0.25087537762701162     
   5.7599999999999998       0.22967422693472855     
   5.7840000000000007       0.20801950899345326     
   5.8079999999999998       0.18595398820110609     
   5.8320000000000007       0.16352124021091147     
   5.8559999999999999       0.14076556587732025     
   5.8800000000000008       0.11773190376979473     
   5.9039999999999999        9.4465741427236030E-002
   5.9280000000000008        7.1013025528304588E-002
   5.9520000000000000        4.7420071155027957E-002
   5.9760000000000009        2.3733470328886910E-002
