  -6.0000000000000000       -1.9966275812865255E-266
  -5.9760000000000000        8.5896128157974674E-263
  -5.9520000000000000        1.5332714014507516E-258
  -5.9279999999999999        3.3093423040536031E-254
  -5.9039999999999999        2.3275081806131439E-250
  -5.8799999999999999       -2.2872545268782605E-246
  -5.8559999999999999        1.3839653889958902E-243
  -5.8319999999999999       -8.1983997878852631E-239
  -5.8079999999999998       -7.0316896671158801E-236
  -5.7839999999999998        4.5506310701972426E-232
  -5.7599999999999998       -3.4229163813597657E-228
  -5.7359999999999998        8.7304483009483167E-224
  -5.7119999999999997       -2.7240286492474887E-221
  -5.6879999999999997       -1.1666123972585818E-216
  -5.6639999999999997        3.5088758694484042E-213
  -5.6399999999999997        3.8228163042318005E-210
  -5.6159999999999997       -3.2223160471157887E-206
  -5.5919999999999996       -2.5495108044412906E-202
  -5.5679999999999996       -1.3883141776874745E-199
  -5.5439999999999996        4.0311058029902419E-195
  -5.5199999999999996        5.8977750195528971E-192
  -5.4960000000000004       -1.3226736749496785E-188
  -5.4719999999999995       -2.4323637252900305E-185
  -5.4480000000000004        1.0620769120931173E-181
  -5.4239999999999995       -4.0894317641846465E-179
  -5.4000000000000004       -4.7924388688422777E-176
  -5.3760000000000003        3.0203559099510834E-172
  -5.3520000000000003       -4.7785666223671037E-170
  -5.3280000000000003        3.7029399065418474E-166
  -5.3040000000000003        9.2371832858373783E-163
  -5.2800000000000002       -3.2162486974562390E-159
  -5.2560000000000002        1.2466261275492158E-156
  -5.2320000000000002       -7.2321465196044232E-154
  -5.2080000000000002        5.8464327917321204E-152
  -5.1840000000000002        2.3277588733092962E-147
  -5.1600000000000001       -4.2493080732241619E-144
  -5.1360000000000001       -4.6256954311557035E-143
  -5.1120000000000001        8.0520571527147981E-139
  -5.0880000000000001       -1.2935740630268868E-136
  -5.0640000000000001        9.1181998993953218E-134
  -5.0400000000000000        7.8999442508149684E-130
  -5.0160000000000000        2.1117706621350834E-127
  -4.9920000000000000       -2.5453977617541587E-124
  -4.9680000000000000        3.4284150555016902E-122
  -4.9440000000000000        4.3000511586198058E-120
  -4.9199999999999999       -1.5161519931263574E-116
  -4.8959999999999999        1.1946768536741316E-113
  -4.8719999999999999        1.4182185551966229E-111
  -4.8479999999999999        1.0502137876452740E-108
  -4.8239999999999998        1.0077660771352574E-105
  -4.7999999999999998       -9.6932083312268373E-104
  -4.7759999999999998       -4.1327991206314964E-101
  -4.7519999999999998        5.7151819336773446E-099
  -4.7279999999999998       -2.4002809825027240E-096
  -4.7039999999999997       -3.4996722521570629E-094
  -4.6799999999999997        9.6807797576957816E-092
  -4.6559999999999997        1.1828669219842718E-089
  -4.6319999999999997       -2.3291202909855415E-087
  -4.6079999999999997        3.4960647699579409E-085
  -4.5839999999999996        2.7747478263973272E-082
  -4.5600000000000005        2.4232017739298828E-080
  -4.5359999999999996        6.9049764715288702E-078
  -4.5120000000000005        7.2767018790884916E-076
  -4.4879999999999995        1.1041462325464607E-074
  -4.4640000000000004       -7.0610783559952554E-072
  -4.4399999999999995        1.0888080151158744E-069
  -4.4160000000000004       -3.4310014416386671E-068
  -4.3919999999999995       -1.1799453714054493E-065
  -4.3680000000000003        5.5133144907380281E-064
  -4.3439999999999994        2.0633605436540494E-062
  -4.3200000000000003        1.8931341911095655E-062
  -4.2960000000000003        3.8159178402935222E-058
  -4.2720000000000002        1.3877831244778434E-056
  -4.2480000000000002        1.0612891256675255E-054
  -4.2240000000000002       -6.0130405578725879E-053
  -4.2000000000000002        4.2339678369569714E-051
  -4.1760000000000002       -4.1206040117939218E-050
  -4.1520000000000001       -1.1182194722568122E-049
  -4.1280000000000001        2.8171097301930312E-046
  -4.1040000000000001        5.9450302544720977E-045
  -4.0800000000000001        9.5247372479946659E-044
  -4.0560000000000000        6.3078740807813379E-042
  -4.0320000000000000       -3.4253236415725966E-040
  -4.0080000000000000       -4.5746676946754744E-039
  -3.9840000000000000       -7.6386040963324823E-038
  -3.9600000000000000       -1.3079332434746074E-037
  -3.9359999999999999        3.2962338438277558E-035
  -3.9119999999999999       -1.2195355766077172E-033
  -3.8879999999999999        1.1598152897788533E-032
  -3.8639999999999999       -1.1507338084574151E-030
  -3.8399999999999999        5.9113658527691039E-031
  -3.8159999999999998        3.1544062745873605E-028
  -3.7919999999999998        3.1945958345851313E-027
  -3.7679999999999998        1.7469186613901815E-026
  -3.7439999999999998        2.9642565826967546E-025
  -3.7199999999999998       -9.3026946280419456E-025
  -3.6959999999999997       -1.1456132444788385E-023
  -3.6720000000000002        1.6259437411175653E-022
  -3.6480000000000001        1.8883081944882627E-021
  -3.6240000000000001        1.9202164055505735E-020
  -3.6000000000000001        9.8499438328748738E-020
  -3.5760000000000001        4.9453614205086103E-019
  -3.5520000000000000       -2.6245486630865608E-020
  -3.5280000000000000        4.5034423353572360E-018
  -3.5040000000000000        2.9770220229696727E-017
  -3.4800000000000000        5.7219008554619148E-017
  -3.4560000000000000        4.8785115048018320E-016
  -3.4319999999999999        4.0723880067608171E-016
  -3.4079999999999999        1.1453954078961971E-016
  -3.3839999999999999        1.0224479453764889E-015
  -3.3599999999999999        5.4574802313208467E-016
  -3.3359999999999999        6.6649699809332160E-017
  -3.3119999999999998        6.2978840329063260E-016
  -3.2879999999999998        1.3594188567156852E-015
  -3.2639999999999998        8.1929744243771104E-016
  -3.2399999999999998       -2.5253583299414116E-016
  -3.2159999999999997       -3.7006537952921827E-016
  -3.1919999999999997        1.0420290721844307E-015
  -3.1680000000000001       -1.3480926744619429E-016
  -3.1440000000000001        3.8876127944361142E-016
  -3.1200000000000001       -2.5066341757528685E-016
  -3.0960000000000001       -4.2076018385114703E-016
  -3.0720000000000001       -1.2729084526268069E-016
  -3.0480000000000000        4.1946218862595292E-016
  -3.0240000000000000       -3.6402264408333432E-016
  -3.0000000000000000        2.6132018523768916E-016
  -2.9760000000000000       -3.1168463942748743E-015
  -2.9520000000000000       -7.5930817018782127E-015
  -2.9279999999999999       -2.7582887755330952E-014
  -2.9039999999999999       -7.9327541490151765E-014
  -2.8799999999999999       -2.3061810687294642E-013
  -2.8559999999999999       -6.5951727661563262E-013
  -2.8319999999999999       -1.8271040277030260E-012
  -2.8079999999999998       -4.9113646542896480E-012
  -2.7839999999999998       -1.2809274424321081E-011
  -2.7599999999999998       -3.2415526145589435E-011
  -2.7359999999999998       -7.9697190801968975E-011
  -2.7119999999999997       -1.9051200108920821E-010
  -2.6879999999999997       -4.4310534827745148E-010
  -2.6640000000000001       -1.0035702523037772E-009
  -2.6400000000000001       -2.2149097842018046E-009
  -2.6160000000000001       -4.7671044152590843E-009
  -2.5920000000000001       -1.0012731874928662E-008
  -2.5680000000000001       -2.0537800278256984E-008
  -2.5440000000000000       -4.1167571726272427E-008
  -2.5200000000000000       -8.0694865316034500E-008
  -2.4960000000000000       -1.5477758647960413E-007
  -2.4720000000000000       -2.9068099601261705E-007
  -2.4480000000000000       -5.3485897356101204E-007
  -2.4239999999999999       -9.6479816732445690E-007
  -2.3999999999999999       -1.7071098857255315E-006
  -2.3759999999999999       -2.9645615351310448E-006
  -2.3519999999999999       -5.0555981204468263E-006
  -2.3279999999999998       -8.4709049050403857E-006
  -2.3039999999999998       -1.3952674195725846E-005
  -2.2799999999999998       -2.2603404615782736E-005
  -2.2559999999999998       -3.6032191222899172E-005
  -2.2319999999999998       -5.6547436451112724E-005
  -2.2079999999999997       -8.7405569699208362E-005
  -2.1839999999999997       -1.3312552384019943E-004
  -2.1600000000000001       -1.9987817938136684E-004
  -2.1360000000000001       -2.9595854750462343E-004
  -2.1120000000000001       -4.3234593525354816E-004
  -2.0880000000000001       -6.2335357210709509E-004
  -2.0640000000000001       -8.8736409405338712E-004
  -2.0400000000000000       -1.2476408829156689E-003
  -2.0160000000000000       -1.7331976568427498E-003
  -1.9920000000000000       -2.3797001358679629E-003
  -1.9680000000000000       -3.2303644244580250E-003
  -1.9440000000000000       -4.3368074434151881E-003
  -1.9199999999999999       -5.7597958946822118E-003
  -1.8959999999999999       -7.5698325206870701E-003
  -1.8719999999999999       -9.8475125314656190E-003
  -1.8479999999999999       -1.2683579718577814E-002
  -1.8239999999999998       -1.6178611598737146E-002
  -1.7999999999999998       -2.0442266467687015E-002
  -1.7759999999999998       -2.5592032873324289E-002
  -1.7519999999999998       -3.1751433914329816E-002
  -1.7279999999999998       -3.9047654882521675E-002
  -1.7039999999999997       -4.7608582790754590E-002
  -1.6799999999999997       -5.7559269708191786E-002
  -1.6559999999999997       -6.9017857767878957E-002
  -1.6319999999999997       -8.2091031215618976E-002
  -1.6079999999999997       -9.6869088766654149E-002
  -1.5839999999999996      -0.11342075655027126     
  -1.5599999999999996      -0.13178788672820183     
  -1.5359999999999996      -0.15198020816759272     
  -1.5119999999999996      -0.17397031211972125     
  -1.4879999999999995      -0.19768906664096894     
  -1.4639999999999995      -0.22302165764308132     
  -1.4399999999999995      -0.24980445138130208     
  -1.4159999999999995      -0.27782286257852840     
  -1.3919999999999995      -0.30681039424684731     
  -1.3680000000000003      -0.33644898992363786     
  -1.3440000000000003      -0.36637080711086317     
  -1.3200000000000003      -0.39616148309331456     
  -1.2960000000000003      -0.42536492215903754     
  -1.2720000000000002      -0.45348958789180094     
  -1.2480000000000002      -0.48001623713451325     
  -1.2240000000000002      -0.50440698500076986     
  -1.2000000000000002      -0.52611554453055598     
  -1.1760000000000002      -0.54459844180195160     
  -1.1520000000000001      -0.55932696898884771     
  -1.1280000000000001      -0.56979960531741447     
  -1.1040000000000001      -0.57555461025818078     
  -1.0800000000000001      -0.57618247550977564     
  -1.0560000000000000      -0.57133791305017700     
  -1.0320000000000000      -0.56075105615030119     
  -1.0080000000000000      -0.54423755888854419     
 -0.98399999999999999      -0.52170729722627018     
 -0.95999999999999996      -0.49317140069489479     
 -0.93599999999999994      -0.45874737755250317     
 -0.91199999999999992      -0.41866213702059474     
 -0.88799999999999990      -0.37325275884955628     
 -0.86399999999999988      -0.32296491177058828     
 -0.83999999999999986      -0.26834887704111970     
 -0.81599999999999984      -0.21005318987228871     
 -0.79199999999999982      -0.14881596859443036     
 -0.76799999999999979       -8.5454057525611610E-002
 -0.74399999999999977       -2.0850163252996226E-002
 -0.71999999999999975        4.4061785914390035E-002
 -0.69599999999999973       0.10831278243688788     
 -0.67199999999999971       0.17091606998381245     
 -0.64799999999999969       0.23088531566673234     
 -0.62399999999999967       0.28725325346370173     
 -0.59999999999999964       0.33909041206555712     
 -0.57599999999999962       0.38552353286134067     
 -0.55199999999999960       0.42575328508499855     
 -0.52799999999999958       0.45907089523322520     
 -0.50399999999999956       0.48487332649934689     
 -0.47999999999999954       0.50267667072496358     
 -0.45599999999999952       0.51212744964757506     
 -0.43199999999999950       0.51301156325468078     
 -0.40799999999999947       0.50526066993737462     
 -0.38399999999999945       0.48895583484310423     
 -0.36000000000000032       0.46432833823463293     
 -0.33600000000000030       0.43175759357579047     
 -0.31200000000000028       0.39176618424301551     
 -0.28800000000000026       0.34501208694560132     
 -0.26400000000000023       0.29227820787407449     
 -0.24000000000000021       0.23445941306701665     
 -0.21600000000000019       0.17254728633169170     
 -0.19200000000000017       0.10761289519657374     
 -0.16800000000000015        4.0787886841649156E-002
 -0.14400000000000013       -2.6755729102201729E-002
 -0.12000000000000011       -9.3826726276996564E-002
  -9.6000000000000085E-002 -0.15923633130024800     
  -7.2000000000000064E-002 -0.22182000113080239     
  -4.8000000000000043E-002 -0.28045888838897604     
  -2.4000000000000021E-002 -0.33410057994406617     
   0.0000000000000000      -0.38177870738171260     
   2.4000000000000021E-002 -0.42263104923333061     
   4.8000000000000043E-002 -0.45591577362115299     
   7.2000000000000064E-002 -0.48102550562695212     
   9.6000000000000085E-002 -0.49749894547867396     
  0.12000000000000011      -0.50502981069835795     
  0.14400000000000013      -0.50347292670254840     
  0.16800000000000015      -0.49284734495418542     
  0.19200000000000017      -0.47333642454166897     
  0.21600000000000019      -0.44528487088718366     
  0.24000000000000021      -0.40919278303686590     
  0.26400000000000023      -0.36570681755078344     
  0.28800000000000026      -0.31560863131921352     
  0.31200000000000028      -0.25980081666830629     
  0.33600000000000030      -0.19929058894269788     
  0.36000000000000032      -0.13517152851563094     
  0.38400000000000034       -6.8603715132581414E-002
  0.40800000000000036       -7.9262201330116680E-004
  0.43200000000000038        6.7032840286206152E-002
  0.45600000000000041       0.13364272498866853     
  0.48000000000000043       0.19782848221557783     
  0.50400000000000045       0.25842501108269772     
  0.52800000000000047       0.31433192529583459     
  0.55200000000000049       0.36453364176202874     
  0.57600000000000051       0.40811792385045859     
  0.60000000000000053       0.44429253975219496     
  0.62400000000000055       0.47239973134883917     
  0.64800000000000058       0.49192822945024889     
  0.67199999999999971       0.50252259644964703     
  0.69599999999999973       0.50398972653769980     
  0.71999999999999975       0.49630238571596530     
  0.74399999999999977       0.47959972800477413     
  0.76799999999999979       0.45418477946689445     
  0.79199999999999982       0.42051893696534898     
  0.81599999999999984       0.37921358294256241     
  0.83999999999999986       0.33101896996677205     
  0.86399999999999988       0.27681057839607348     
  0.88799999999999990       0.21757319636761582     
  0.91199999999999992       0.15438301260583265     
  0.93599999999999994        8.8388048518063006E-002
  0.95999999999999996        2.0787286064120208E-002
  0.98399999999999999       -4.7191128588556487E-002
   1.0080000000000000      -0.11431220900022351     
   1.0320000000000000      -0.17935657395566404     
   1.0560000000000000      -0.24114260646074059     
   1.0800000000000001      -0.29854792354774351     
   1.1040000000000001      -0.35052976687141624     
   1.1280000000000001      -0.39614394381856127     
   1.1520000000000001      -0.43456197530260693     
   1.1760000000000002      -0.46508613908782215     
   1.2000000000000002      -0.48716213579225542     
   1.2240000000000002      -0.50038914795749512     
   1.2480000000000002      -0.50452710996228978     
   1.2720000000000002      -0.49950105723609023     
   1.2960000000000003      -0.48540247627840638     
   1.3200000000000003      -0.46248763144884775     
   1.3440000000000003      -0.43117289937357639     
   1.3680000000000003      -0.39202719612207099     
   1.3920000000000003      -0.34576163505941476     
   1.4160000000000004      -0.29321660351808398     
   1.4400000000000004      -0.23534649324929399     
   1.4640000000000004      -0.17320236215910634     
   1.4880000000000004      -0.10791284233863155     
   1.5120000000000005       -4.0663641180762454E-002
   1.5360000000000005        2.7323992136384263E-002
   1.5600000000000005        9.4815443789205506E-002
   1.5840000000000005       0.16058515342718843     
   1.6080000000000005       0.22343886629826412     
   1.6320000000000006       0.28223531546480429     
   1.6560000000000006       0.33590694057820730     
   1.6799999999999997       0.38347926720253062     
   1.7039999999999997       0.42408859502074286     
   1.7279999999999998       0.45699767397840785     
   1.7519999999999998       0.48160908396143898     
   1.7759999999999998       0.49747607530381971     
   1.7999999999999998       0.50431067352066661     
   1.8239999999999998       0.50198890132584684     
   1.8479999999999999       0.49055302331979767     
   1.8719999999999999       0.47021077277323842     
   1.8959999999999999       0.44133157470528067     
   1.9199999999999999       0.40443983396668071     
   1.9440000000000000       0.36020541030123765     
   1.9680000000000000       0.30943145340474976     
   1.9920000000000000       0.25303981890496480     
   2.0160000000000000       0.19205433007911554     
   2.0400000000000009       0.12758218921100364     
   2.0640000000000001        6.0793876058836620E-002
   2.0880000000000010       -7.0981016513882956E-003
   2.1120000000000001       -7.4861219971650919E-002
   2.1360000000000010      -0.14126531316171329     
   2.1600000000000001      -0.20510490467955575     
   2.1840000000000011      -0.26522108941105832     
   2.2080000000000002      -0.32052256997507816     
   2.2319999999999993      -0.37000546530528911     
   2.2560000000000002      -0.41277153200353311     
   2.2799999999999994      -0.44804446777683993     
   2.3040000000000003      -0.47518400108817804     
   2.3279999999999994      -0.49369751133769829     
   2.3520000000000003      -0.50324896871730529     
   2.3759999999999994      -0.50366503153316911     
   2.4000000000000004      -0.49493819038555137     
   2.4239999999999995      -0.47722690219629732     
   2.4480000000000004      -0.45085271170917579     
   2.4719999999999995      -0.41629441276515644     
   2.4960000000000004      -0.37417935538140934     
   2.5199999999999996      -0.32527205646443952     
   2.5440000000000005      -0.27046032092398126     
   2.5679999999999996      -0.21073912513723053     
   2.5920000000000005      -0.14719255532256595     
   2.6159999999999997       -8.0974128681115448E-002
   2.6400000000000006       -1.3285854512966516E-002
   2.6639999999999997        5.4643584620347442E-002
   2.6880000000000006       0.12158113564892288     
   2.7119999999999997       0.18631175684660820     
   2.7360000000000007       0.24766047253470105     
   2.7599999999999998       0.30451370033191089     
   2.7840000000000007       0.35583946385313903     
   2.8079999999999998       0.40070612399279193     
   2.8320000000000007       0.43829928882012403     
   2.8559999999999999       0.46793659517595892     
   2.8800000000000008       0.48908009369218675     
   2.9039999999999999       0.50134601245652666     
   2.9280000000000008       0.50451172212535211     
   2.9520000000000000       0.49851977608370329     
   2.9760000000000009       0.48347895234156135     
   3.0000000000000000       0.45966227827590617     
   3.0240000000000009       0.42750207409082502     
   3.0480000000000000       0.38758210497949458     
   3.0720000000000010       0.34062698444967515     
   3.0960000000000001       0.28748902116637215     
   3.1200000000000010       0.22913274806568890     
   3.1440000000000001       0.16661741456057508     
   3.1680000000000010       0.10107775962879582     
   3.1920000000000002        3.3703414774757329E-002
   3.2160000000000011       -3.4282689276258771E-002
   3.2400000000000002      -0.10164652021168979     
   3.2639999999999993      -0.16716534318626328     
   3.2880000000000003      -0.22964991473631130     
   3.3119999999999994      -0.28796606871774272     
   3.3360000000000003      -0.34105530246819904     
   3.3599999999999994      -0.38795398954194021     
   3.3840000000000003      -0.42781087029581572     
   3.4079999999999995      -0.45990250286409501     
   3.4320000000000004      -0.48364639408096782     
   3.4559999999999995      -0.49861157202116652     
   3.4800000000000004      -0.50452640826590633     
   3.5039999999999996      -0.50128354792140262     
   3.5280000000000005      -0.48894185791376937     
   3.5519999999999996      -0.46772535820467576     
   3.5760000000000005      -0.43801915533431179     
   3.5999999999999996      -0.40036245210800075     
   3.6240000000000006      -0.35543876031265115     
   3.6479999999999997      -0.30406349411600947     
   3.6720000000000006      -0.24716916934371339     
   3.6959999999999997      -0.18578847728379089     
   3.7200000000000006      -0.12103554024654135     
   3.7439999999999998       -5.4085689109698645E-002
   3.7680000000000007        1.3845870094830967E-002
   3.7919999999999998        8.1526113332235667E-002
   3.8160000000000007       0.14772657909787676     
   3.8399999999999999       0.21124566610700860     
   3.8640000000000008       0.27093044342021050     
   3.8879999999999999       0.32569757713383357     
   3.9120000000000008       0.37455299380029466     
   3.9359999999999999       0.41660992367285365     
   3.9600000000000009       0.45110499627733641     
   3.9840000000000000       0.47741209616544539     
   4.0080000000000009       0.49505372735895997     
   4.0320000000000000       0.50370968021364515     
   4.0560000000000009       0.50322284339493972     
   4.0800000000000001       0.49360205547620012     
   4.1040000000000010       0.47502194440337803     
   4.1280000000000001       0.44781975774269001     
   4.1520000000000010       0.41248924124737890     
   4.1760000000000002       0.36967167685499919     
   4.2000000000000011       0.32014424278502834     
   4.2240000000000002       0.26480590701248291     
   4.2479999999999993       0.20466111016422694     
   4.2720000000000002       0.14080153400815260     
   4.2959999999999994        7.4386286453213435E-002
   4.3200000000000003        6.6208627196397184E-003
   4.3439999999999994       -6.1264735448068847E-002
   4.3680000000000003      -0.12803832537081872     
   4.3919999999999995      -0.19248790859947282     
   4.4160000000000004      -0.25344366970831023     
   4.4399999999999995      -0.30979920942162270     
   4.4640000000000004      -0.36053162667533029     
   4.4879999999999995      -0.40472008510839458     
   4.5120000000000005      -0.44156252698780007     
   4.5359999999999996      -0.47039023119661988     
   4.5600000000000005      -0.49067995104665957     
   4.5839999999999996      -0.50206341160553947     
   4.6080000000000005      -0.50433399415495772     
   4.6319999999999997      -0.49745048645285150     
   4.6560000000000006      -0.48153783073008838     
   4.6799999999999997      -0.45688485584605137     
   4.7040000000000006      -0.42393903476719169     
   4.7279999999999998      -0.38329836252557276     
   4.7520000000000007      -0.33570050207987995     
   4.7759999999999998      -0.28200939509111300     
   4.8000000000000007      -0.22319958063897311     
   4.8239999999999998      -0.16033850650759471     
   4.8480000000000008       -9.4567154105664630E-002
   4.8719999999999999       -2.7079328694813852E-002
   4.8960000000000008        4.0900009174219744E-002
   4.9199999999999999       0.10813697771536514     
   4.9440000000000008       0.17341116988465780     
   4.9680000000000000       0.23553780477609321     
   4.9920000000000009       0.29338923237004194     
   5.0160000000000000       0.34591540130572013     
   5.0400000000000009       0.39216291817111709     
   5.0640000000000001       0.43129235236902358     
   5.0880000000000010       0.46259347246204396     
   5.1120000000000001       0.48549813744480019     
   5.1360000000000010       0.49959060895669871     
   5.1600000000000001       0.50461509726044940     
   5.1840000000000011       0.50048040402118488     
   5.2080000000000002       0.48726157761623834     
   5.2320000000000011       0.46519855093082663     
   5.2560000000000002       0.43469178636505873     
   5.2799999999999994       0.39629500709931781     
   5.3040000000000003       0.35070514655179003     
   5.3279999999999994       0.29874969845396354     
   5.3520000000000003       0.24137169715077902     
   5.3759999999999994       0.17961260074547886     
   5.4000000000000004       0.11459338777416096     
   5.4239999999999995        4.7494210521003721E-002
   5.4480000000000004       -2.0467025716870955E-002
   5.4719999999999995       -8.8056768611014954E-002
   5.4960000000000004      -0.15404820878809378     
   5.5199999999999996      -0.21724354742471236     
   5.5440000000000005      -0.27649573727559795     
   5.5679999999999996      -0.33072930251785332     
   5.5920000000000005      -0.37895985951421829     
   5.6159999999999997      -0.42031198417766158     
   5.6400000000000006      -0.45403510163020205     
   5.6639999999999997      -0.47951710974584050     
   5.6880000000000006      -0.49629548929933215     
   5.7119999999999997      -0.50406569906268106     
   5.7360000000000007      -0.50268670347169053     
   5.7599999999999998      -0.49218353253103508     
   5.7840000000000007      -0.47274682749366981     
   5.8079999999999998      -0.44472938056098071     
   5.8320000000000007      -0.40863973141107696     
   5.8559999999999999      -0.36513293678358894     
   5.8800000000000008      -0.31499868066062059     
   5.9039999999999999      -0.25914694085386275     
   5.9280000000000008      -0.19859147216108386     
   5.9520000000000000      -0.13443140588621375     
   5.9760000000000009       -6.7831299706797535E-002
