  -6.0000000000000000       -3.6509181295802740E-266
  -5.9760000000000000       -2.9704571609071114E-262
  -5.9520000000000000       -1.4492384940665179E-258
  -5.9279999999999999        7.8631671587626155E-255
  -5.9039999999999999       -6.4841316073643348E-250
  -5.8799999999999999       -3.2876107593047843E-247
  -5.8559999999999999        1.3695813276092334E-242
  -5.8319999999999999       -1.7301468027578321E-238
  -5.8079999999999998       -5.4487943160421987E-235
  -5.7839999999999998       -4.1058063892704426E-231
  -5.7599999999999998       -3.1279270928936563E-227
  -5.7359999999999998        7.9327696885697220E-224
  -5.7119999999999997        4.8878822257913874E-220
  -5.6879999999999997       -3.5194621296038367E-216
  -5.6639999999999997        6.1980076461406410E-213
  -5.6399999999999997       -1.8951902387098738E-210
  -5.6159999999999997        7.4629533672557839E-206
  -5.5919999999999996       -7.1850219552681305E-202
  -5.5679999999999996       -1.8871205109046721E-198
  -5.5439999999999996        5.3190611615975083E-195
  -5.5199999999999996       -5.9179105083014540E-192
  -5.4960000000000004        1.4865859804577757E-188
  -5.4719999999999995       -2.0007878397428223E-184
  -5.4480000000000004        2.7352048539297649E-181
  -5.4239999999999995       -3.8995262997967346E-178
  -5.4000000000000004       -2.4164624030613887E-175
  -5.3760000000000003       -2.0973022251124549E-172
  -5.3520000000000003       -1.5561809305307164E-169
  -5.3280000000000003       -2.3715828910586630E-165
  -5.3040000000000003       -5.6956042103944840E-163
  -5.2800000000000002       -7.9801337260431040E-159
  -5.2560000000000002       -2.1351506411871744E-156
  -5.2320000000000002       -3.4024808102649687E-153
  -5.2080000000000002        2.9303380486994185E-151
  -5.1840000000000002        5.6583618661426075E-147
  -5.1600000000000001       -9.9444804878678224E-144
  -5.1360000000000001        7.9357943269718148E-143
  -5.1120000000000001       -5.7703819301494416E-138
  -5.0880000000000001       -4.9414846800893190E-135
  -5.0640000000000001       -1.3249303015439746E-132
  -5.0400000000000000       -2.7464552724920796E-129
  -5.0160000000000000       -5.4859093124270296E-127
  -4.9920000000000000       -2.3667653912329963E-124
  -4.9680000000000000       -3.4883344511396153E-121
  -4.9440000000000000       -2.2843222573748091E-119
  -4.9199999999999999       -2.8877965966875029E-116
  -4.8959999999999999       -3.7958092152205085E-113
  -4.8719999999999999        7.9870966784254372E-112
  -4.8479999999999999       -1.8397710840541133E-108
  -4.8239999999999998       -1.0575921319982602E-106
  -4.7999999999999998       -1.1127015164369096E-103
  -4.7759999999999998       -1.9695986882205876E-100
  -4.7519999999999998        2.6076873409302138E-099
  -4.7279999999999998       -6.6310475283019958E-096
  -4.7039999999999997       -6.9196197412052047E-094
  -4.6799999999999997       -2.8717491981520296E-091
  -4.6559999999999997       -6.1371512744695352E-089
  -4.6319999999999997       -3.2483330691767427E-087
  -4.6079999999999997       -7.3056965214566881E-085
  -4.5839999999999996        8.4157487063456103E-083
  -4.5600000000000005        1.6658711840916838E-080
  -4.5359999999999996        3.6413978968957584E-078
  -4.5120000000000005        5.9050691788808184E-076
  -4.4879999999999995        2.6679386148328473E-074
  -4.4640000000000004       -1.8844932991370269E-071
  -4.4399999999999995       -1.6742485579791023E-069
  -4.4160000000000004       -6.8467214591029141E-068
  -4.3919999999999995       -5.0424558659697074E-065
  -4.3680000000000003       -9.9952314053122972E-064
  -4.3439999999999994       -1.1503727886186498E-061
  -4.3200000000000003       -1.0533574702132021E-059
  -4.2960000000000003       -1.9200663003699496E-060
  -4.2720000000000002        4.2594511937767714E-056
  -4.2480000000000002       -1.9682438171843094E-054
  -4.2240000000000002       -2.4574809528631767E-052
  -4.2000000000000002        6.9781618127251917E-051
  -4.1760000000000002       -3.2018367706949349E-049
  -4.1520000000000001       -2.1281415174613276E-047
  -4.1280000000000001       -3.2169315913352085E-046
  -4.1040000000000001       -2.3352548867265833E-044
  -4.0800000000000001       -5.7503030212656532E-043
  -4.0560000000000000        9.1572762930683483E-042
  -4.0320000000000000        2.9688436148995771E-040
  -4.0080000000000000       -1.5664039783320258E-038
  -3.9840000000000000        5.0308665693998789E-037
  -3.9600000000000000       -1.1704666515237725E-035
  -3.9359999999999999       -1.9816170959255789E-034
  -3.9119999999999999       -8.7533988035233455E-033
  -3.8879999999999999        1.9964512770611782E-032
  -3.8639999999999999       -3.4299527721827887E-030
  -3.8399999999999999       -6.7898290943248465E-029
  -3.8159999999999998        5.1660515995095732E-028
  -3.7919999999999998        1.8502020571063616E-027
  -3.7679999999999998        3.8082518070262106E-026
  -3.7439999999999998       -3.7512752676338111E-025
  -3.7199999999999998        9.1112122815604825E-025
  -3.6959999999999997       -7.5056808025075994E-023
  -3.6720000000000002       -4.2023096150378856E-022
  -3.6480000000000001       -5.0854908332306735E-021
  -3.6240000000000001       -9.5698377510565856E-021
  -3.6000000000000001       -2.2207124730084152E-019
  -3.5760000000000001       -1.0168502661005486E-018
  -3.5520000000000000       -3.1780959790018305E-018
  -3.5280000000000000        6.1380916115431802E-018
  -3.5040000000000000        1.4180753273084664E-017
  -3.4800000000000000       -8.4643239538007720E-018
  -3.4560000000000000       -1.4477549893451800E-017
  -3.4319999999999999        2.2444355824792785E-016
  -3.4079999999999999       -3.0827247053302146E-016
  -3.3839999999999999       -4.3988841212185003E-016
  -3.3599999999999999       -2.0469828384973992E-016
  -3.3359999999999999       -6.3117537697666541E-016
  -3.3119999999999998       -3.5543117744934174E-016
  -3.2879999999999998       -3.4799233688456650E-016
  -3.2639999999999998        1.1900788115684561E-015
  -3.2399999999999998        5.6994015042710973E-016
  -3.2159999999999997       -3.6975100586484612E-016
  -3.1919999999999997       -1.0710754405761320E-015
  -3.1680000000000001        1.2400514483868909E-016
  -3.1440000000000001       -3.4262231309119648E-016
  -3.1200000000000001        2.0841832981350155E-016
  -3.0960000000000001       -1.2766995525311422E-015
  -3.0720000000000001       -1.3988399363309654E-015
  -3.0480000000000000       -9.3068714343725647E-015
  -3.0240000000000000       -3.2075139419127111E-014
  -3.0000000000000000       -1.0780985374999926E-013
  -2.9760000000000000       -3.6429135908718101E-013
  -2.9520000000000000       -1.1844521734724576E-012
  -2.9279999999999999       -3.7033403892828065E-012
  -2.9039999999999999       -1.1167781369308747E-011
  -2.8799999999999999       -3.2539648573493323E-011
  -2.8559999999999999       -9.1663482316645117E-011
  -2.8319999999999999       -2.4984390507001444E-010
  -2.8079999999999998       -6.5944773469541284E-010
  -2.7839999999999998       -1.6869114079783232E-009
  -2.7599999999999998       -4.1854731254563305E-009
  -2.7359999999999998       -1.0080389074958849E-008
  -2.7119999999999997       -2.3584300066319680E-008
  -2.6879999999999997       -5.3642305549014165E-008
  -2.6640000000000001       -1.1869965080065839E-007
  -2.6400000000000001       -2.5571756048804975E-007
  -2.6160000000000001       -5.3671654284364053E-007
  -2.5920000000000001       -1.0982453019730791E-006
  -2.5680000000000001       -2.1923637268079948E-006
  -2.5440000000000000       -4.2723405096903107E-006
  -2.5200000000000000       -8.1326540812074967E-006
  -2.4960000000000000       -1.5131330362187699E-005
  -2.4720000000000000       -2.7533244940519590E-005
  -2.4480000000000000       -4.9025509030709909E-005
  -2.4239999999999999       -8.5469667569763403E-005
  -2.3999999999999999       -1.4596866287295424E-004
  -2.3759999999999999       -2.4433697804397063E-004
  -2.3519999999999999       -4.0106673516793559E-004
  -2.3279999999999998       -6.4587656329477929E-004
  -2.3039999999999998       -1.0209089348061728E-003
  -2.2799999999999998       -1.5846004633660316E-003
  -2.2559999999999998       -2.4161841051738744E-003
  -2.2319999999999998       -3.6206897231740249E-003
  -2.2079999999999997       -5.3341902760870551E-003
  -2.1839999999999997       -7.7288991069531885E-003
  -2.1600000000000001       -1.1017568367183700E-002
  -2.1360000000000001       -1.5456483734010238E-002
  -2.1120000000000001       -2.1346215565439877E-002
  -2.0880000000000001       -2.9029194875808208E-002
  -2.0640000000000001       -3.8883159579879575E-002
  -2.0400000000000000       -5.1309587342923887E-002
  -2.0160000000000000       -6.6716417086994981E-002
  -1.9920000000000000       -8.5494674975361937E-002
  -1.9680000000000000      -0.10798906435149984     
  -1.9440000000000000      -0.13446314005178642     
  -1.9199999999999999      -0.16506033689761609     
  -1.8959999999999999      -0.19976281472082061     
  -1.8719999999999999      -0.23835075804307215     
  -1.8479999999999999      -0.28036535676442381     
  -1.8239999999999998      -0.32507911915333232     
  -1.7999999999999998      -0.37147735661349829     
  -1.7759999999999998      -0.41825456819739593     
  -1.7519999999999998      -0.46382899749568890     
  -1.7279999999999998      -0.50637781739246612     
  -1.7039999999999997      -0.54389423304688356     
  -1.6799999999999997      -0.57426632890517160     
  -1.6559999999999997      -0.59537580465218731     
  -1.6319999999999997      -0.60521296167358174     
  -1.6079999999999997      -0.60200255335941288     
  -1.5839999999999996      -0.58433355045991964     
  -1.5599999999999996      -0.55128464880348194     
  -1.5359999999999996      -0.50253660057750904     
  -1.5119999999999996      -0.43846229553199556     
  -1.4879999999999995      -0.36018603001145588     
  -1.4639999999999995      -0.26960460669908154     
  -1.4399999999999995      -0.16936477919477419     
  -1.4159999999999995       -6.2794009841824511E-002
  -1.3919999999999995        4.6215589777478944E-002
  -1.3680000000000003       0.15336710044937532     
  -1.3440000000000003       0.25415616887616305     
  -1.3200000000000003       0.34409663317257755     
  -1.2960000000000003       0.41896251093610559     
  -1.2720000000000002       0.47503248966938655     
  -1.2480000000000002       0.50932191011027483     
  -1.2240000000000002       0.51978703778569313     
  -1.2000000000000002       0.50548724611063567     
  -1.1760000000000002       0.46669258381850293     
  -1.1520000000000001       0.40492699480691013     
  -1.1280000000000001       0.32294105283653562     
  -1.1040000000000001       0.22461225709722071     
  -1.0800000000000001       0.11477544756282199     
  -1.0560000000000000       -1.0095516438515012E-003
  -1.0320000000000000      -0.11674167310087852     
  -1.0080000000000000      -0.22629863164546896     
 -0.98399999999999999      -0.32377526008483803     
 -0.95999999999999996      -0.40382036225995876     
 -0.93599999999999994      -0.46195168414613363     
 -0.91199999999999992      -0.49482928640466284     
 -0.88799999999999990      -0.50046956685837229     
 -0.86399999999999988      -0.47838533607781908     
 -0.83999999999999986      -0.42964151975883730     
 -0.81599999999999984      -0.35682100291878271     
 -0.79199999999999982      -0.26390054227695769     
 -0.76799999999999979      -0.15604221679722280     
 -0.74399999999999977       -3.9311209472987232E-002
 -0.71999999999999975        7.9664528781755520E-002
 -0.69599999999999973       0.19407330387669419     
 -0.67199999999999971       0.29731522602557309     
 -0.64799999999999969       0.38339071207819780     
 -0.62399999999999967       0.44725841755564516     
 -0.59999999999999964       0.48514057985551545     
 -0.57599999999999962       0.49475665061459823     
 -0.55199999999999960       0.47547021833526487     
 -0.52799999999999958       0.42833932906024708     
 -0.50399999999999956       0.35606609515082832     
 -0.47999999999999954       0.26284758626219917     
 -0.45599999999999952       0.15413604486321159     
 -0.43199999999999950        3.6322083606527826E-002
 -0.40799999999999947       -8.3640650046689080E-002
 -0.38399999999999945      -0.19864712242136925     
 -0.36000000000000032      -0.30186425676834683     
 -0.33600000000000030      -0.38714044740552001     
 -0.31200000000000028      -0.44937637785256562     
 -0.28800000000000026      -0.48483446413311237     
 -0.26400000000000023      -0.49136783896617120     
 -0.24000000000000021      -0.46855458006409501     
 -0.21600000000000019      -0.41772857757602588     
 -0.19200000000000017      -0.34190468573100236     
 -0.16800000000000015      -0.24560222964514886     
 -0.14400000000000013      -0.13457714525870554     
 -0.12000000000000011       -1.5478635656289517E-002
  -9.6000000000000085E-002  0.10454911640266777     
  -7.2000000000000064E-002  0.21829622162702172     
  -4.8000000000000043E-002  0.31892141894385151     
  -2.4000000000000021E-002  0.40036515929723449     
   0.0000000000000000       0.45771634318187970     
   2.4000000000000021E-002  0.48751036909710038     
   4.8000000000000043E-002  0.48794027283819846     
   7.2000000000000064E-002  0.45896798100004194     
   9.6000000000000085E-002  0.40232874755796999     
  0.12000000000000011       0.32142832159602708     
  0.14400000000000013       0.22113891185369053     
  0.16800000000000015       0.10750617171940302     
  0.19200000000000017       -1.2615149719598972E-002
  0.21600000000000019      -0.13197489050152175     
  0.24000000000000021      -0.24336547193167374     
  0.26400000000000023      -0.34005768603647896     
  0.28800000000000026      -0.41620786230542017     
  0.31200000000000028      -0.46721171721712712     
  0.33600000000000030      -0.48998340734893958     
  0.36000000000000032      -0.48314283071356090     
  0.38400000000000034      -0.44709977658566324     
  0.40800000000000036      -0.38402977396997506     
  0.43200000000000038      -0.29774305336319323     
  0.45600000000000041      -0.19345451688545984     
  0.48000000000000043       -7.7468614733231925E-002
  0.50400000000000045        4.3201813115904646E-002
  0.52800000000000047       0.16125966505842820     
  0.55200000000000049       0.26956500298292374     
  0.57600000000000051       0.36156704943034668     
  0.60000000000000053       0.43170059945468775     
  0.62400000000000055       0.47572284242051410     
  0.64800000000000058       0.49097019588403112     
  0.67199999999999971       0.47651959618661699     
  0.69599999999999973       0.43324447489119638     
  0.71999999999999975       0.36376202618524400     
  0.74399999999999977       0.27227495161122195     
  0.76799999999999979       0.16431725640044037     
  0.79199999999999982        4.6419479528904010E-002
  0.81599999999999984       -7.4286384145103385E-002
  0.83999999999999986      -0.19049836170836296     
  0.86399999999999988      -0.29518626981218649     
  0.88799999999999990      -0.38201704014282667     
  0.91199999999999992      -0.44573786688591777     
  0.93599999999999994      -0.48249399375679947     
  0.95999999999999996      -0.49006191421254225     
  0.98399999999999999      -0.46798387755431631     
   1.0080000000000000      -0.41759556588058933     
   1.0320000000000000      -0.34194527081126391     
   1.0560000000000000      -0.24560946343127071     
   1.0800000000000001      -0.13441591883909398     
   1.1040000000000001       -1.5091148871697243E-002
   1.1280000000000001       0.10514652521563210     
   1.1520000000000001       0.21902364095494192     
   1.1760000000000002       0.31965158677340721     
   1.2000000000000002       0.40094330136227652     
   1.2240000000000002       0.45798147410333162     
   1.2480000000000002       0.48731597542425181     
   1.2720000000000002       0.48717252800153771     
   1.2960000000000003       0.45755999963330485     
   1.3200000000000003       0.40026983147724432     
   1.3440000000000003       0.31876764018741238     
   1.3680000000000003       0.21798355460998234     
   1.3920000000000003       0.10401397263066402     
   1.4160000000000004       -1.6247218922458524E-002
   1.4400000000000004      -0.13552565270287645     
   1.4640000000000004      -0.24660649279418601     
   1.4880000000000004      -0.34277083502353356     
   1.5120000000000005      -0.41820209995560204     
   1.5360000000000005      -0.46833783883049546     
   1.5600000000000005      -0.49014567521872943     
   1.5840000000000005      -0.48230669442790053     
   1.6080000000000005      -0.44529519109041277     
   1.6320000000000006      -0.38134995425356588     
   1.6560000000000006      -0.29433882951375545     
   1.6799999999999997      -0.18952475251431855     
   1.7039999999999997       -7.3247407085473296E-002
   1.7279999999999998        4.7460235929683209E-002
   1.7519999999999998       0.16529730512659069     
   1.7759999999999998       0.27313661113760834     
   1.7999999999999998       0.36445571732497778     
   1.8239999999999998       0.43373142692131700     
   1.8479999999999999       0.47677382816556002     
   1.8719999999999999       0.49097969507138300     
   1.8959999999999999       0.47548991929358692     
   1.9199999999999999       0.43124145309116352     
   1.9440000000000000       0.36091062355157733     
   1.9680000000000000       0.26875124816449558     
   1.9920000000000000       0.16033734417291234     
   2.0160000000000000        4.2225994107489527E-002
   2.0400000000000009       -7.8439241419280298E-002
   2.0640000000000001      -0.19436037722830590     
   2.0880000000000010      -0.29852639234691952     
   2.1120000000000001      -0.38463725877610322     
   2.1360000000000010      -0.44748496528015164     
   2.1600000000000001      -0.48326849247580972     
   2.1840000000000011      -0.48982369036089052     
   2.2080000000000002      -0.46675415627698852     
   2.2319999999999993      -0.41545519885943094     
   2.2560000000000002      -0.33902943966333010     
   2.2799999999999994      -0.24209915780300328     
   2.3040000000000003      -0.13052672775160007     
   2.3279999999999994       -1.1060058749293387E-002
   2.3520000000000003       0.10907552008349979     
   2.3759999999999994       0.22261424613199216     
   2.4000000000000004       0.32268935248034464     
   2.4239999999999995       0.40324836370179001     
   2.4480000000000004       0.45941914179827698     
   2.4719999999999995       0.48780454458999756     
   2.4960000000000004       0.48668787642541089     
   2.5199999999999996       0.45613670634661002     
   2.5440000000000005       0.39799877550108392     
   2.5679999999999996       0.31579024189676058     
   2.5920000000000005       0.21448302185408985     
   2.6159999999999997       0.10020408993025919     
   2.6400000000000006       -2.0135076380893988E-002
   2.6639999999999997      -0.13925649624505484     
   2.6880000000000006      -0.24995584921880451     
   2.7119999999999997      -0.34553818263172720     
   2.7360000000000007      -0.42022281177107684     
   2.7599999999999998      -0.46949292530084635     
   2.7840000000000007      -0.49036875257623908     
   2.8079999999999998      -0.48158777243321960     
   2.8320000000000007      -0.44368106505202570     
   2.8559999999999999      -0.37894118960138484     
   2.8800000000000008      -0.29128353069670970     
   2.9039999999999999      -0.18600949949648879     
   2.9280000000000008       -6.9485910871070949E-002
   2.9520000000000000        5.1240072462592490E-002
   2.9760000000000009       0.16886714122426544     
   3.0000000000000000       0.27628141033100279     
   3.0240000000000009       0.36698665375034423     
   3.0480000000000000       0.43549718370435581     
   3.0720000000000010       0.47766961374100836     
   3.0960000000000001       0.49095344142392799     
   3.1200000000000010       0.47454529605842660     
   3.1440000000000001       0.42943752304222133     
   3.1680000000000010       0.35835816674783688     
   3.1920000000000002       0.26560598183708162     
   3.2160000000000011       0.15679045135870145     
   3.2400000000000002        3.8492534949241736E-002
   3.2639999999999993       -8.2133335496898635E-002
   3.2880000000000003      -0.19779194213015763     
   3.3119999999999994      -0.30148848141126783     
   3.3360000000000003      -0.38695159546408336     
   3.3599999999999994      -0.44901265049648365     
   3.3840000000000003      -0.48391832438856858     
   3.4079999999999995      -0.48955759889450179     
   3.4320000000000004      -0.46558942855058338     
   3.4559999999999995      -0.41346336525393451     
   3.4800000000000004      -0.33633189129071911     
   3.5039999999999996      -0.23885976282830401     
   3.5280000000000005      -0.12694189445906773     
   3.5519999999999996       -7.3468466059423542E-003
   3.5760000000000005       0.11269252304382282     
   3.5999999999999996       0.22591648752900340     
   3.6240000000000006       0.32547750332301778     
   3.6479999999999997       0.40535433481896382     
   3.6720000000000006       0.46071620527468093     
   3.6959999999999997       0.48821495120917818     
   3.7200000000000006       0.48618751144821371     
   3.7439999999999998       0.45475650478828450     
   3.7680000000000007       0.39582281362762067     
   3.7919999999999998       0.31295062215193986     
   3.8160000000000007       0.21115186176779974     
   3.8399999999999999        9.6583100093857566E-002
   3.8640000000000008       -2.3826794972378863E-002
   3.8879999999999999      -0.14279569803887712     
   3.9120000000000008      -0.25312863306920896     
   3.9359999999999999      -0.34815290947640642     
   3.9600000000000009      -0.42212167141500695     
   3.9840000000000000      -0.47056145453625958     
   4.0080000000000009      -0.49054273078328836     
   4.0320000000000000      -0.48085707931970689     
   4.0560000000000009      -0.44209026872986679     
   4.0800000000000001      -0.37658683068123749     
   4.1040000000000010      -0.28830826758885941     
   4.1280000000000001      -0.18259346959265191     
   4.1520000000000010       -6.5835830311611596E-002
   4.1760000000000002        5.4903411299280350E-002
   4.2000000000000011       0.17232221877131526     
   4.2240000000000002       0.27931936873760360     
   4.2479999999999993       0.36942391673969310     
   4.2720000000000002       0.43718654512059008     
   4.2959999999999994       0.47850912519030347     
   4.3200000000000003       0.49089256251454078     
   4.3439999999999994       0.47358793623043566     
   4.3680000000000003       0.42764179185074896     
   4.3919999999999995       0.35583284837279522     
   4.4160000000000004       0.26250394752083156     
   4.4399999999999995       0.15329940846352050     
   4.4640000000000004        3.4823672204102388E-002
   4.4879999999999995       -8.5758119943665556E-002
   4.5120000000000005      -0.20115345769248963     
   4.5359999999999996      -0.30438349604746562     
   4.5600000000000005      -0.38920511976615491     
   4.5839999999999996      -0.45048851253229166     
   4.6080000000000005      -0.48452739633841868     
   4.6319999999999997      -0.48926317852579992     
   4.6560000000000006      -0.46440945059787525     
   4.6799999999999997      -0.41146930941900633     
   4.7040000000000006      -0.33364445326455316     
   4.7279999999999998      -0.23564155039431725     
   4.7520000000000007      -0.12338759053989877     
   4.7759999999999998       -3.6714341971307565E-003
   4.8000000000000007       0.11626676200187024     
   4.8239999999999998       0.22917341323124121     
   4.8480000000000008       0.32822018648904472     
   4.8719999999999999       0.40741696234078512     
   4.8960000000000008       0.46197410342344170     
   4.9199999999999999       0.48859212055610479     
   4.9440000000000008       0.48566121812915941     
   4.9680000000000000       0.45335865073688192     
   4.9920000000000009       0.39363800315750552     
   5.0160000000000000       0.31011104200972073     
   5.0400000000000009       0.20782928442931758     
   5.0640000000000001        9.2978493990482705E-002
   5.0880000000000010       -2.7495419947270814E-002
   5.1120000000000001      -0.14630647472559596     
   5.1360000000000010      -0.25626925369836429     
   5.1600000000000001      -0.35073346352622392     
   5.1840000000000011      -0.42398612844131017     
   5.2080000000000002      -0.47159709771088848     
   5.2320000000000011      -0.49068697081551232     
   5.2560000000000002      -0.48010123685424577     
   5.2799999999999994      -0.44048009663509435     
   5.3040000000000003      -0.37421974477740771     
   5.3279999999999994      -0.28532745339854715     
   5.3520000000000003      -0.17917922158962862     
   5.3759999999999994       -6.2194647478647926E-002
   5.4000000000000004        5.8551314136402084E-002
   5.4239999999999995       0.17575622858900902     
   5.4480000000000004       0.28233181558747539     
   5.4719999999999995       0.37183263189032006     
   5.4960000000000004       0.43884587668536884     
   5.5199999999999996       0.47931874515322948     
   5.5440000000000005       0.49080353263664950     
   5.5679999999999996       0.47260566608923982     
   5.5920000000000005       0.42582571020913834     
   5.6159999999999997       0.35329280782703704     
   5.6400000000000006       0.25939357992101936     
   5.6639999999999997       0.14980683298831490     
   5.6880000000000006        3.1160118055076118E-002
   5.7119999999999997       -8.9371088164574924E-002
   5.7360000000000007      -0.20449733937093623     
   5.7599999999999998      -0.30725606838956576     
   5.7840000000000007      -0.39143266698920526     
   5.8079999999999998      -0.45193633088249635     
   5.8320000000000007      -0.48510793968170168     
   5.8559999999999999      -0.48894135194939958     
   5.8800000000000008      -0.46320473193723494     
   5.9039999999999999      -0.40945457045619010     
   5.9280000000000008      -0.33094155193028335     
   5.9520000000000000      -0.23241396057590891     
   5.9760000000000009      -0.11983051524337059     
