  -6.0000000000000000        5.0344851485035906E-266
  -5.9760000000000000        3.7078104287693052E-262
  -5.9520000000000000        2.0409971631991637E-258
  -5.9279999999999999       -6.1361760734865182E-255
  -5.9039999999999999       -4.2729207363144523E-251
  -5.8799999999999999        3.7481660459959166E-246
  -5.8559999999999999        3.6750637714924853E-243
  -5.8319999999999999        1.0042064541813397E-238
  -5.8079999999999998        4.3882235460730178E-235
  -5.7839999999999998        2.9539887491542816E-231
  -5.7599999999999998        2.6440050369216003E-227
  -5.7359999999999998       -2.9731414488023114E-224
  -5.7119999999999997        3.9020130467631456E-220
  -5.6879999999999997        2.5467346654285608E-216
  -5.6639999999999997        2.7069960972327561E-213
  -5.6399999999999997        2.0351407688337810E-210
  -5.6159999999999997        9.0320995324244759E-206
  -5.5919999999999996        3.9497312923608288E-202
  -5.5679999999999996        5.7985904384741540E-199
  -5.5439999999999996       -2.1311411823117934E-195
  -5.5199999999999996        1.8978265657575305E-192
  -5.4960000000000004        2.4671612216479026E-188
  -5.4719999999999995        4.6241445378601889E-185
  -5.4480000000000004       -5.5098832573121117E-182
  -5.4239999999999995        1.2792305194086453E-178
  -5.4000000000000004        1.2748468177950329E-175
  -5.3760000000000003       -2.6533031931585756E-172
  -5.3520000000000003        1.1337278578582271E-168
  -5.3280000000000003        2.2735450739721623E-166
  -5.3040000000000003        5.2544218464438823E-163
  -5.2800000000000002        3.4637875999202763E-159
  -5.2560000000000002       -8.1168629490946364E-157
  -5.2320000000000002        3.1941719695514614E-153
  -5.2080000000000002        9.4571271850821416E-151
  -5.1840000000000002        9.1007951685747809E-148
  -5.1600000000000001        4.8480448544399742E-144
  -5.1360000000000001        1.0181811617422636E-141
  -5.1120000000000001       -3.9006950151187399E-139
  -5.0880000000000001        1.0338532310848576E-135
  -5.0640000000000001        5.7749408878174701E-133
  -5.0400000000000000       -2.9499376124772065E-130
  -5.0160000000000000       -8.8342518834036763E-128
  -4.9920000000000000        1.9081073651669303E-124
  -4.9680000000000000        2.9578755677651732E-122
  -4.9440000000000000        2.0331078517764338E-119
  -4.9199999999999999        1.9905898982924707E-116
  -4.8959999999999999       -8.2486356231150187E-114
  -4.8719999999999999        6.0821331332985301E-112
  -4.8479999999999999        1.5530683662009958E-110
  -4.8239999999999998       -6.7683479489285709E-106
  -4.7999999999999998        1.1435695683689655E-103
  -4.7759999999999998        7.1945545292525109E-101
  -4.7519999999999998        4.4282081315878056E-099
  -4.7279999999999998        3.2518617227497757E-096
  -4.7039999999999997        7.1658646428249936E-094
  -4.6799999999999997       -3.7614977619584451E-092
  -4.6559999999999997       -4.2105114432410580E-091
  -4.6319999999999997        4.0793175081355222E-087
  -4.6079999999999997        1.2056131404862668E-085
  -4.5839999999999996       -1.3542691267295985E-082
  -4.5600000000000005       -1.0607229723353379E-080
  -4.5359999999999996       -4.1710374353435558E-078
  -4.5120000000000005       -1.1544592002374188E-076
  -4.4879999999999995        1.5795879659746387E-074
  -4.4640000000000004        8.9309102132708038E-072
  -4.4399999999999995       -6.3931691315882413E-070
  -4.4160000000000004        8.2255304847121352E-068
  -4.3919999999999995        1.5930888782737657E-065
  -4.3680000000000003       -1.2135560793482007E-064
  -4.3439999999999994       -4.8346241824930993E-063
  -4.3200000000000003        3.6365451506575664E-060
  -4.2960000000000003       -1.1558974624062696E-058
  -4.2720000000000002       -7.0547164048680542E-058
  -4.2480000000000002       -4.5633585519843138E-055
  -4.2240000000000002        1.3843054423847174E-052
  -4.2000000000000002       -3.3199444724818701E-051
  -4.1760000000000002        1.2521041311566794E-049
  -4.1520000000000001        3.7731849815752799E-048
  -4.1280000000000001       -1.1365075798600136E-046
  -4.1040000000000001        4.1674948757030303E-046
  -4.0800000000000001        1.9449676699116385E-043
  -4.0560000000000000        7.0065624259323306E-042
  -4.0320000000000000        6.9572782437761044E-040
  -4.0080000000000000        1.3183563886959652E-038
  -3.9840000000000000        3.3010492894123468E-037
  -3.9600000000000000        8.9956644590808987E-036
  -3.9359999999999999        7.4956108086613031E-035
  -3.9119999999999999        3.5887376666405706E-033
  -3.8879999999999999        2.8021177211492395E-032
  -3.8639999999999999        2.1778553967151715E-030
  -3.8399999999999999        1.2930343851786973E-029
  -3.8159999999999998       -2.0825974776713220E-028
  -3.7919999999999998       -1.1326867083725513E-028
  -3.7679999999999998        1.7215116529159728E-026
  -3.7439999999999998        3.3204720699345109E-025
  -3.7199999999999998        2.9875840862660211E-024
  -3.6959999999999997        3.6550676910135801E-023
  -3.6720000000000002        2.5184950644550628E-022
  -3.6480000000000001       -3.9066230925635623E-022
  -3.6240000000000001       -3.4352433275451959E-021
  -3.6000000000000001        1.1547806389024029E-020
  -3.5760000000000001        1.0015490884178344E-019
  -3.5520000000000000        1.1206746032573108E-018
  -3.5280000000000000        3.2102473396305822E-018
  -3.5040000000000000       -1.0805468265243064E-017
  -3.4800000000000000        4.2024309644368879E-017
  -3.4560000000000000       -1.7281659319670017E-016
  -3.4319999999999999       -1.4338991312738324E-016
  -3.4079999999999999       -2.4690232883996101E-016
  -3.3839999999999999        2.8343141276979259E-016
  -3.3599999999999999       -5.8461681856446692E-016
  -3.3359999999999999       -6.2032316821224137E-017
  -3.3119999999999998       -2.6519041073661933E-016
  -3.2879999999999998       -1.2230570283849885E-016
  -3.2639999999999998       -1.2318641093478691E-015
  -3.2399999999999998        1.9148391450193264E-016
  -3.2159999999999997        2.7363157962900743E-016
  -3.1919999999999997        4.9875107323524200E-016
  -3.1680000000000001        1.0016941350872823E-015
  -3.1440000000000001       -1.3055493338896223E-015
  -3.1200000000000001       -1.0692296872215184E-015
  -3.0960000000000001       -4.9998578727889186E-017
  -3.0720000000000001        3.0977717330767789E-016
  -3.0480000000000000        2.8359790052101630E-016
  -3.0240000000000000       -1.2146131278153241E-015
  -3.0000000000000000       -6.2840995600557302E-016
  -2.9760000000000000        1.1181650154907658E-015
  -2.9520000000000000        4.6499062199825225E-015
  -2.9279999999999999        1.1103061788145382E-014
  -2.9039999999999999        3.1679692317838214E-014
  -2.8799999999999999        9.1484043102167272E-014
  -2.8559999999999999        2.6273882299030627E-013
  -2.8319999999999999        7.3026034065750183E-013
  -2.8079999999999998        1.9649968311246355E-012
  -2.7839999999999998        5.1359893052553161E-012
  -2.7599999999999998        1.3026793399595255E-011
  -2.7359999999999998        3.2104185905055573E-011
  -2.7119999999999997        7.6929906415216101E-011
  -2.6879999999999997        1.7937924072325230E-010
  -2.6640000000000001        4.0732207704923061E-010
  -2.6400000000000001        9.0141343976871990E-010
  -2.6160000000000001        1.9455458843273689E-009
  -2.5920000000000001        4.0983168351040064E-009
  -2.5680000000000001        8.4318013677617410E-009
  -2.5440000000000000        1.6954489258179975E-008
  -2.5200000000000000        3.3341806887845932E-008
  -2.4960000000000000        6.4167844668142248E-008
  -2.4720000000000000        1.2093337952600573E-007
  -2.4480000000000000        2.2332878083751857E-007
  -2.4239999999999999        4.0436651083579595E-007
  -2.3999999999999999        7.1827827437712409E-007
  -2.3759999999999999        1.2524067101394460E-006
  -2.3519999999999999        2.1447377574280744E-006
  -2.3279999999999998        3.6092195325861885E-006
  -2.3039999999999998        5.9715901700923861E-006
  -2.2799999999999998        9.7190731414394006E-006
  -2.2559999999999998        1.5567963284857956E-005
  -2.2319999999999998        2.4553773292469687E-005
  -2.2079999999999997        3.8149176117385687E-005
  -2.1839999999999997        5.8415385169840774E-005
  -2.1600000000000001        8.8192769836917506E-005
  -2.1360000000000001        1.3133630992753393E-004
  -2.1120000000000001        1.9300084874585835E-004
  -2.0880000000000001        2.7997991866356397E-004
  -2.0640000000000001        4.0110011115262280E-004
  -2.0400000000000000        5.6767050010840688E-004
  -2.0160000000000000        7.9398349667016415E-004
  -1.9920000000000000        1.0978597570581983E-003
  -1.9680000000000000        1.5012254771343632E-003
  -1.9440000000000000        2.0307057397555010E-003
  -1.9199999999999999        2.7182127386744625E-003
  -1.8959999999999999        3.6015029392916053E-003
  -1.8719999999999999        4.7246728418563156E-003
  -1.8479999999999999        6.1385592995257454E-003
  -1.8239999999999998        7.9010076274175570E-003
  -1.7999999999999998        1.0076969319798013E-002
  -1.7759999999999998        1.2738391333042689E-002
  -1.7519999999999998        1.5963860798043950E-002
  -1.7279999999999998        1.9837972828762981E-002
  -1.7039999999999997        2.4450394837393939E-002
  -1.6799999999999997        2.9894608397865709E-002
  -1.6559999999999997        3.6266319065579179E-002
  -1.6319999999999997        4.3661535411316864E-002
  -1.6079999999999997        5.2174330522326041E-002
  -1.5839999999999996        6.1894311947588349E-002
  -1.5599999999999996        7.2903839045310614E-002
  -1.5359999999999996        8.5275039418543530E-002
  -1.5119999999999996        9.9066688077930315E-002
  -1.4879999999999995       0.11432102363693528     
  -1.4639999999999995       0.13106058474776849     
  -1.4399999999999995       0.14928515670399159     
  -1.4159999999999995       0.16896892232193012     
  -1.3919999999999995       0.19005791260943070     
  -1.3680000000000003       0.21246785118004566     
  -1.3440000000000003       0.23608248182028607     
  -1.3200000000000003       0.26075246112284700     
  -1.2960000000000003       0.28629488781673967     
  -1.2720000000000002       0.31249352761136018     
  -1.2480000000000002       0.33909977736444147     
  -1.2240000000000002       0.36583439559512076     
  -1.2000000000000002       0.39239000825954978     
  -1.1760000000000002       0.41843437979278308     
  -1.1520000000000001       0.44361442022362257     
  -1.1280000000000001       0.46756088021798237     
  -1.1040000000000001       0.48989366771810688     
  -1.0800000000000001       0.51022770290719521     
  -1.0560000000000000       0.52817921298812576     
  -1.0320000000000000       0.54337235511355264     
  -1.0080000000000000       0.55544604507282080     
 -0.98399999999999999       0.56406086129027166     
 -0.95999999999999996       0.56890588850739676     
 -0.93599999999999994       0.56970536332032307     
 -0.91199999999999992       0.56622498456189940     
 -0.88799999999999990       0.55827775531940693     
 -0.86399999999999988       0.54572923006000063     
 -0.83999999999999986       0.52850204973013393     
 -0.81599999999999984       0.50657965957786077     
 -0.79199999999999982       0.48000911854588113     
 -0.76799999999999979       0.44890292508447915     
 -0.74399999999999977       0.41343980179118572     
 -0.71999999999999975       0.37386440002913190     
 -0.69599999999999973       0.33048590522359861     
 -0.67199999999999971       0.28367554349605595     
 -0.64799999999999969       0.23386301027747033     
 -0.62399999999999967       0.18153186116754086     
 -0.59999999999999964       0.12721392420927871     
 -0.57599999999999962        7.1482810586615181E-002
 -0.55199999999999960        1.4946617210697696E-002
 -0.52799999999999958       -4.1760070544610547E-002
 -0.50399999999999956       -9.7984754814230496E-002
 -0.47999999999999954      -0.15306604801336834     
 -0.45599999999999952      -0.20634300202760469     
 -0.43199999999999950      -0.25716459737987984     
 -0.40799999999999947      -0.30489924236934157     
 -0.38399999999999945      -0.34894413114947598     
 -0.36000000000000032      -0.38873431121736440     
 -0.33600000000000030      -0.42375131477668815     
 -0.31200000000000028      -0.45353121482766523     
 -0.28800000000000026      -0.47767197550366181     
 -0.26400000000000023      -0.49583997695611826     
 -0.24000000000000021      -0.50777560779442510     
 -0.21600000000000019      -0.51329783249336469     
 -0.19200000000000017      -0.51230765704021963     
 -0.16800000000000015      -0.50479043313845906     
 -0.14400000000000013      -0.49081695922958879     
 -0.12000000000000011      -0.47054335514256734     
  -9.6000000000000085E-002 -0.44420970602715454     
  -7.2000000000000064E-002 -0.41213749006826556     
  -4.8000000000000043E-002 -0.37472582301144070     
  -2.4000000000000021E-002 -0.33244657046140175     
   0.0000000000000000      -0.28583839596773741     
   2.4000000000000021E-002 -0.23549982882330520     
   4.8000000000000043E-002 -0.18208145003423040     
   7.2000000000000064E-002 -0.12627730786471925     
   9.6000000000000085E-002  -6.8815685533578391E-002
  0.12000000000000011       -1.0449352893913813E-002
  0.14400000000000013        4.8054558852784937E-002
  0.16800000000000015       0.10592491525200813     
  0.19200000000000017       0.16239702240073564     
  0.21600000000000019       0.21672300858851903     
  0.24000000000000021       0.26818199728048092     
  0.26400000000000023       0.31608992842290828     
  0.28800000000000026       0.35980889054260068     
  0.31200000000000028       0.39875583350818355     
  0.33600000000000030       0.43241054099274401     
  0.36000000000000032       0.46032275246888299     
  0.38400000000000034       0.48211833680794908     
  0.40800000000000036       0.49750443305808900     
  0.43200000000000038       0.50627348854149967     
  0.45600000000000041       0.50830613983137674     
  0.48000000000000043       0.50357289822739582     
  0.50400000000000045       0.49213461782564422     
  0.52800000000000047       0.47414174095256811     
  0.55200000000000049       0.44983233238178016     
  0.57600000000000051       0.41952893015949572     
  0.60000000000000053       0.38363425681625063     
  0.62400000000000055       0.34262585003444579     
  0.64800000000000058       0.29704968627827588     
  0.67199999999999971       0.24751288429155668     
  0.69599999999999973       0.19467558756095735     
  0.71999999999999975       0.13924213567425453     
  0.74399999999999977        8.1951643839887511E-002
  0.76799999999999979        2.3568117559814541E-002
  0.79199999999999982       -3.5129764533490940E-002
  0.81599999999999984       -9.3359062425918918E-002
  0.83999999999999986      -0.15034304139785140     
  0.86399999999999988      -0.20532155341800953     
  0.88799999999999990      -0.25756119435526914     
  0.91199999999999992      -0.30636510125877742     
  0.93599999999999994      -0.35108225890242856     
  0.95999999999999996      -0.39111619146363197     
  0.98399999999999999      -0.42593292351824241     
   1.0080000000000000      -0.45506810437224837     
   1.0320000000000000      -0.47813320098526640     
   1.0560000000000000      -0.49482067722150330     
   1.0800000000000001      -0.50490809072526321     
   1.1040000000000001      -0.50826105318032933     
   1.1280000000000001      -0.50483501488394167     
   1.1520000000000001      -0.49467585024632205     
   1.1760000000000002      -0.47791923680710796     
   1.2000000000000002      -0.45478883643029927     
   1.2240000000000002      -0.42559330328565764     
   1.2480000000000002      -0.39072215883643385     
   1.2720000000000002      -0.35064058912390800     
   1.2960000000000003      -0.30588323396884703     
   1.3200000000000003      -0.25704705110904508     
   1.3440000000000003      -0.20478335058307917     
   1.3680000000000003      -0.14978910569035972     
   1.3920000000000003       -9.2797656460639227E-002
   1.4160000000000004       -3.4568929625227701E-002
   1.4400000000000004        2.4120694509786548E-002
   1.4640000000000004        8.2488733215506149E-002
   1.4880000000000004       0.13975703256959973     
   1.5120000000000005       0.19516213977589916     
   1.5360000000000005       0.24796547839657709     
   1.5600000000000005       0.29746319096700502     
   1.5840000000000005       0.34299551791390059     
   1.6080000000000005       0.38395558789123413     
   1.6320000000000006       0.41979750250316744     
   1.6560000000000006       0.45004360779459285     
   1.6799999999999997       0.47429085573193863     
   1.7039999999999997       0.49221617102612997     
   1.7279999999999998       0.50358075190390117     
   1.7519999999999998       0.50823324763713196     
   1.7759999999999998       0.50611177060332446     
   1.7999999999999998       0.49724471617444327     
   1.8239999999999998       0.48175037960998168     
   1.8479999999999999       0.45983537515145767     
   1.8719999999999999       0.43179187846674699     
   1.8959999999999999       0.39799372926118243     
   1.9199999999999999       0.35889144604986134     
   1.9440000000000000       0.31500621956990343     
   1.9680000000000000       0.26692296490982959     
   1.9920000000000000       0.21528252496478822     
   2.0160000000000000       0.16077312912415020     
   2.0400000000000009       0.10412122101175722     
   2.0640000000000001        4.6081777496723542E-002
   2.0880000000000010       -1.2571752037325929E-002
   2.1120000000000001       -7.1057752124913887E-002
   2.1360000000000010      -0.12859685604674526     
   2.1600000000000001      -0.18442233030855695     
   2.1840000000000011      -0.23779029043583944     
   2.2080000000000002      -0.28798961200149131     
   2.2319999999999993      -0.33435140486765508     
   2.2560000000000002      -0.37625792444543243     
   2.2799999999999994      -0.41315080127902815     
   2.3040000000000003      -0.44453847934460061     
   2.3279999999999994      -0.47000276399724356     
   2.3520000000000003      -0.48920439236214064     
   2.3759999999999994      -0.50188755198956969     
   2.4000000000000004      -0.50788328760503232     
   2.4239999999999995      -0.50711175059840041     
   2.4480000000000004      -0.49958326131258113     
   2.4719999999999995      -0.48539817000718660     
   2.4960000000000004      -0.46474551837573480     
   2.5199999999999996      -0.43790051947257796     
   2.5440000000000005      -0.40522088964538772     
   2.5679999999999996      -0.36714208136092885     
   2.5920000000000005      -0.32417148045238398     
   2.6159999999999997      -0.27688164511063423     
   2.6400000000000006      -0.22590267670580147     
   2.6639999999999997      -0.17191382408928907     
   2.6880000000000006      -0.11563443323614116     
   2.7119999999999997       -5.7814362807076677E-002
   2.7360000000000007        7.7600667730184231E-004
   2.7599999999999998        5.9356036945451329E-002
   2.7840000000000007       0.11714523262332101     
   2.8079999999999998       0.17337363986124535     
   2.8320000000000007       0.22729210440667236     
   2.8559999999999999       0.27818225246396655     
   2.8800000000000008       0.32536606137679774     
   2.9039999999999999       0.36821489263423668     
   2.9280000000000008       0.40615786686556321     
   2.9520000000000000       0.43868946925585733     
   2.9760000000000009       0.46537628406756787     
   3.0000000000000000       0.48586276855602800     
   3.0240000000000009       0.49987598936472377     
   3.0480000000000000       0.50722925830855659     
   3.0720000000000010       0.50782461911604970     
   3.0960000000000001       0.50165415200941044     
   3.1200000000000010       0.48880007875041692     
   3.1440000000000001       0.46943366676043541     
   3.1680000000000010       0.44381294692186651     
   3.1920000000000002       0.41227927547243204     
   3.2160000000000011       0.37525278580278459     
   3.2400000000000002       0.33322679075659245     
   3.2639999999999993       0.28676121001357685     
   3.2880000000000003       0.23647511012366748     
   3.3119999999999994       0.18303845658157392     
   3.3360000000000003       0.12716318782797750     
   3.3599999999999994        6.9593730096618775E-002
   3.3840000000000003        1.1097079475330413E-002
   3.4079999999999995       -4.7547416685785569E-002
   3.4320000000000004      -0.10555844288079282     
   3.4559999999999995      -0.16216312473962119     
   3.4800000000000004      -0.21660732582714748     
   3.5039999999999996      -0.26816569477093916     
   3.5280000000000005      -0.31615132886558323     
   3.5519999999999996      -0.35992492541130039     
   3.5760000000000005      -0.39890329886950548     
   3.5999999999999996      -0.43256715036717480     
   3.6240000000000006      -0.46046798604262157     
   3.6479999999999997      -0.48223409206505652     
   3.6720000000000006      -0.49757548672790652     
   3.6959999999999997      -0.50628778364382465     
   3.7200000000000006      -0.50825491457641925     
   3.7439999999999998      -0.50345067563607593     
   3.7680000000000007      -0.49193907624310118     
   3.7919999999999998      -0.47387348621150710     
   3.8160000000000007      -0.44949459231878641     
   3.8399999999999999      -0.41912719158754314     
   3.8640000000000008      -0.38317586400275550     
   3.8879999999999999      -0.34211958231700323     
   3.9120000000000008      -0.29650533075664059     
   3.9359999999999999      -0.24694081764558903     
   3.9600000000000009      -0.19408637903467940     
   3.9840000000000000      -0.13864618120216882     
   4.0080000000000009       -8.1358839231637919E-002
   4.0320000000000000       -2.2987576652787022E-002
   4.0560000000000009        3.5689942755472132E-002
   4.0800000000000001        9.3891975532549132E-002
   4.1040000000000010       0.15084311344474791     
   4.1280000000000001       0.20578461398127715     
   4.1520000000000010       0.25798450880899276     
   4.1760000000000002       0.30674735551532373     
   4.2000000000000011       0.35142350272132428     
   4.2240000000000002       0.39141774513007527     
   4.2479999999999993       0.42619725320329710     
   4.2720000000000002       0.45529867182299927     
   4.2959999999999994       0.47833429336630817     
   4.3200000000000003       0.49499722295283149     
   4.3439999999999994       0.50506546705084132     
   4.3680000000000003       0.50840489097221253     
   4.3919999999999995       0.50497100585541188     
   4.4160000000000004       0.49480956133003229     
   4.4399999999999995       0.47805593596781554     
   4.4640000000000004       0.45493333364167088     
   4.4879999999999995       0.42574980982254895     
   4.5120000000000005       0.39089416743227573     
   4.5359999999999996       0.35083077693086867     
   4.5600000000000005       0.30609338964874261     
   4.5839999999999996       0.25727802678684675     
   4.6080000000000005       0.20503503882214211     
   4.6319999999999997       0.15006044110815783     
   4.6560000000000006        9.3086641103298992E-002
   4.6799999999999997        3.4872680764578952E-002
   4.7040000000000006       -2.3805875896302252E-002
   4.7279999999999998       -8.2167275370354856E-002
   4.7520000000000007      -0.13943398966549980     
   4.7759999999999998      -0.19484307502245057     
   4.8000000000000007      -0.24765633632722880     
   4.8239999999999998      -0.29717016180393607     
   4.8480000000000008      -0.34272489696412051     
   4.8719999999999999      -0.38371363292750427     
   4.8960000000000008      -0.41959029203085302     
   4.9199999999999999      -0.44987690300382949     
   4.9440000000000008      -0.47416996878773848     
   4.9680000000000000      -0.49214584216142182     
   4.9920000000000009      -0.50356503755721582     
   5.0160000000000000      -0.50827542162257311     
   5.0400000000000009      -0.50621424002100113     
   5.0640000000000001      -0.49740895347028530     
   5.0880000000000010      -0.48197687188004174     
   5.1120000000000001      -0.46012359146303217     
   5.1360000000000010      -0.43214025564229153     
   5.1600000000000001      -0.39839967624606265     
   5.1840000000000011      -0.35935136666660095     
   5.2080000000000002      -0.31551555315426277     
   5.2320000000000011      -0.26747624403225678     
   5.2560000000000002      -0.21587344916834267     
   5.2799999999999994      -0.16139465336051548     
   5.3040000000000003      -0.10476565723357499     
   5.3279999999999994       -4.6740907669795058E-002
   5.3520000000000003        1.1906553402326419E-002
   5.3759999999999994        7.0395387952820368E-002
   5.4000000000000004       0.12794637131965964     
   5.4239999999999995       0.18379277352148324     
   5.4480000000000004       0.23719057410747030     
   5.4719999999999995       0.28742837445593616     
   5.4960000000000004       0.33383687546390922     
   5.5199999999999996       0.37579779436025468     
   5.5440000000000005       0.41275210184708178     
   5.5679999999999996       0.44420746982930576     
   5.5920000000000005       0.46974483050922688     
   5.6159999999999997       0.48902395946190480     
   5.6400000000000006       0.50178800831028447     
   5.6639999999999997       0.50786692661306820     
   5.6880000000000006       0.50717972737694406     
   5.7119999999999997       0.49973556601069002     
   5.7360000000000007       0.48563361834676744     
   5.7599999999999998       0.46506175935553479     
   5.7840000000000007       0.43829406015514122     
   5.8079999999999998       0.40568713666353107     
   5.8320000000000007       0.36767539853811282     
   5.8559999999999999       0.32476526169969672     
   5.8800000000000008       0.27752840154503594     
   5.9039999999999999       0.22659413673286349     
   5.9280000000000008       0.17264104501133151     
   5.9520000000000000       0.11638792278595943     
   5.9760000000000009        5.8584208870300546E-002
