  -6.0000000000000000        4.8261368403077023E-267
  -5.9760000000000000        1.1091740550734668E-262
  -5.9520000000000000        1.5173267926144211E-259
  -5.9279999999999999        1.6778082327384229E-255
  -5.9039999999999999        4.5329284749183581E-251
  -5.8799999999999999        5.4550927986736863E-248
  -5.8559999999999999        3.8157646272699873E-244
  -5.8319999999999999        1.4914969876027000E-239
  -5.8079999999999998        1.0612469788688206E-235
  -5.7839999999999998        5.4737279853866082E-232
  -5.7599999999999998        3.5526759795475780E-228
  -5.7359999999999998        9.4755884383695202E-226
  -5.7119999999999997        4.7117293593689990E-221
  -5.6879999999999997        2.9950922951383356E-217
  -5.6639999999999997        1.0479546250838346E-214
  -5.6399999999999997        3.3378285258300957E-211
  -5.6159999999999997        7.5978496354799758E-207
  -5.5919999999999996        1.5754381140735886E-203
  -5.5679999999999996        6.6117334860746813E-200
  -5.5439999999999996       -9.8518589444556287E-198
  -5.5199999999999996        3.5242724373613995E-193
  -5.4960000000000004        2.4719759169465236E-189
  -5.4719999999999995        4.8496412115739934E-187
  -5.4480000000000004        6.5573086831744968E-183
  -5.4239999999999995        2.5756399882354000E-179
  -5.4000000000000004        6.3918311725186445E-176
  -5.3760000000000003       -4.2766552210230811E-173
  -5.3520000000000003        1.4710119241648848E-169
  -5.3280000000000003        1.8557413480796085E-166
  -5.3040000000000003        2.1783654004095215E-163
  -5.2800000000000002        1.7225159449923945E-160
  -5.2560000000000002        1.2519760775853404E-157
  -5.2320000000000002        4.9464261061214083E-154
  -5.2080000000000002        1.7484110298695212E-151
  -5.1840000000000002        4.3900326561935751E-148
  -5.1600000000000001        7.0338234659010860E-145
  -5.1360000000000001        3.7251039954025856E-142
  -5.1120000000000001        2.0254254855250783E-139
  -5.0880000000000001        3.8040331439236535E-136
  -5.0640000000000001       -1.5940014913661241E-134
  -5.0400000000000000        3.6931285990743513E-131
  -5.0160000000000000        8.5277785309929617E-128
  -4.9920000000000000        8.6228442437793940E-126
  -4.9680000000000000        2.9943179202156115E-122
  -4.9440000000000000        5.3659363874945389E-120
  -4.9199999999999999       -8.0160797488123696E-118
  -4.8959999999999999        2.3809120468145072E-114
  -4.8719999999999999        3.4642671562556832E-112
  -4.8479999999999999        2.4678074316342496E-109
  -4.8239999999999998        7.5215757964256226E-107
  -4.7999999999999998       -1.9313571277205856E-104
  -4.7759999999999998        1.1045335753745727E-101
  -4.7519999999999998        2.1525138049272385E-100
  -4.7279999999999998        1.0266894572422280E-096
  -4.7039999999999997        4.9657732103100477E-095
  -4.6799999999999997        3.9281078017290766E-093
  -4.6559999999999997        1.7173811129857486E-090
  -4.6319999999999997        9.0392984653614546E-088
  -4.6079999999999997        1.7205911071388076E-085
  -4.5839999999999996        1.2505232851670286E-083
  -4.5600000000000005       -4.4040124930452149E-083
  -4.5359999999999996        3.2244918158468479E-079
  -4.5120000000000005        3.4350883408733359E-077
  -4.4879999999999995        1.7583775142706639E-075
  -4.4640000000000004        1.8185791360927130E-072
  -4.4399999999999995        4.2341286103703822E-072
  -4.4160000000000004        8.0326986981353765E-069
  -4.3919999999999995        2.2929685005517408E-066
  -4.3680000000000003        8.0152242756827222E-065
  -4.3439999999999994        5.4517289586106001E-063
  -4.3200000000000003        9.6500819688854238E-061
  -4.2960000000000003        1.8299867482399729E-060
  -4.2720000000000002        3.1254722274010075E-057
  -4.2480000000000002        3.0621673355827758E-055
  -4.2240000000000002        1.7004681455952896E-053
  -4.2000000000000002       -2.3854555276313691E-052
  -4.1760000000000002        2.8024716494599195E-050
  -4.1520000000000001       -1.3917247868371873E-050
  -4.1280000000000001        4.2564870265986679E-047
  -4.1040000000000001       -2.2090810533600608E-046
  -4.0800000000000001       -3.6258964327437386E-044
  -4.0560000000000000        1.6727112199179087E-043
  -4.0320000000000000        3.5191382969960808E-041
  -4.0080000000000000        1.4450594851503208E-040
  -3.9840000000000000        3.6451088223575218E-038
  -3.9600000000000000        9.6247877721971254E-037
  -3.9359999999999999        2.7141300043193704E-036
  -3.9119999999999999        3.2514511942908191E-034
  -3.8879999999999999        7.7639290560620612E-033
  -3.8639999999999999        1.4281233768215738E-031
  -3.8399999999999999        5.5275866199338348E-033
  -3.8159999999999998       -2.0331147426143500E-030
  -3.7919999999999998        4.1573352779916930E-028
  -3.7679999999999998        1.1352177491372259E-027
  -3.7439999999999998        1.2017283311851599E-025
  -3.7199999999999998        2.6174901693505227E-025
  -3.6959999999999997        6.8947985024420347E-024
  -3.6720000000000002        5.8363338548003221E-023
  -3.6480000000000001        1.6058090350172228E-022
  -3.6240000000000001        4.5939033781130116E-021
  -3.6000000000000001        2.2308021914949866E-020
  -3.5760000000000001       -4.0254810399605073E-020
  -3.5520000000000000       -5.5651691973111746E-020
  -3.5280000000000000       -1.6356607647298024E-018
  -3.5040000000000000       -3.4927432110489605E-018
  -3.4800000000000000       -8.1129208580656375E-018
  -3.4560000000000000       -1.4689791923282218E-016
  -3.4319999999999999       -6.2884082886005540E-018
  -3.4079999999999999       -3.9038483571153293E-016
  -3.3839999999999999       -6.8721766372708889E-016
  -3.3599999999999999       -1.4099992322973246E-016
  -3.3359999999999999       -8.5670095273919074E-016
  -3.3119999999999998       -7.2644096678018607E-016
  -3.2879999999999998       -8.7812170688890766E-016
  -3.2639999999999998       -6.4745426265623846E-016
  -3.2399999999999998       -1.1774488890434587E-015
  -3.2159999999999997       -3.7240380299012658E-016
  -3.1919999999999997        6.0833431506925063E-017
  -3.1680000000000001       -5.2875442782325593E-017
  -3.1440000000000001        6.7169133785676750E-016
  -3.1200000000000001       -6.2031964274948027E-016
  -3.0960000000000001       -2.4398403669585776E-016
  -3.0720000000000001       -6.1861019504065816E-016
  -3.0480000000000000       -1.2976692004050390E-015
  -3.0240000000000000        6.8975737388053505E-016
  -3.0000000000000000       -1.5912059672425898E-015
  -2.9760000000000000        2.5913185242793035E-016
  -2.9520000000000000       -8.0569518755467017E-016
  -2.9279999999999999        1.3444151911037497E-015
  -2.9039999999999999       -6.2777568720301971E-016
  -2.8799999999999999        9.7995396382312973E-016
  -2.8559999999999999        1.4909329385039776E-015
  -2.8319999999999999        4.5575824369628782E-015
  -2.8079999999999998        1.6669556852610482E-014
  -2.7839999999999998        3.9442717679307794E-014
  -2.7599999999999998        1.0668415195365575E-013
  -2.7359999999999998        2.6101125032682750E-013
  -2.7119999999999997        6.2901144658938216E-013
  -2.6879999999999997        1.4755405303784678E-012
  -2.6640000000000001        3.3758743292498293E-012
  -2.6400000000000001        7.5235286004886472E-012
  -2.6160000000000001        1.6361879927797216E-011
  -2.5920000000000001        3.4731254559030552E-011
  -2.5680000000000001        7.2024478107594704E-011
  -2.5440000000000000        1.4602883626268685E-010
  -2.5200000000000000        2.8963847107683618E-010
  -2.4960000000000000        5.6239505241363539E-010
  -2.4720000000000000        1.0697022874849600E-009
  -2.4480000000000000        1.9943412188361904E-009
  -2.4239999999999999        3.6468214827164715E-009
  -2.3999999999999999        6.5443967602591560E-009
  -2.3759999999999999        1.1532318874009424E-008
  -2.3519999999999999        1.9966460746855776E-008
  -2.3279999999999998        3.3983023836899348E-008
  -2.3039999999999998        5.6889427071378687E-008
  -2.2799999999999998        9.3720688083554059E-008
  -2.2559999999999998        1.5201726144965578E-007
  -2.2319999999999998        2.4289396500323827E-007
  -2.2079999999999997        3.8248421699361699E-007
  -2.1839999999999997        5.9385958806681087E-007
  -2.1600000000000001        9.0954038993648451E-007
  -2.1360000000000001        1.3747280946989110E-006
  -2.1120000000000001        2.0514037251082468E-006
  -2.0880000000000001        3.0234465786289473E-006
  -2.0640000000000001        4.4029336552539435E-006
  -2.0400000000000000        6.3377805034413734E-006
  -2.0160000000000000        9.0208776435618698E-006
  -1.9920000000000000        1.2700862455477419E-005
  -1.9680000000000000        1.7694643108009738E-005
  -1.9440000000000000        2.4401759117853679E-005
  -1.9199999999999999        3.3320621598112615E-005
  -1.8959999999999999        4.5066626512194431E-005
  -1.8719999999999999        6.0392076530787919E-005
  -1.8479999999999999        8.0207783580138451E-005
  -1.8239999999999998        1.0560615622194366E-004
  -1.7999999999999998        1.3788550625945463E-004
  -1.7759999999999998        1.7857523990414157E-004
  -1.7519999999999998        2.2946153318783997E-004
  -1.7279999999999998        2.9261303178374957E-004
  -1.7039999999999997        3.7040606456335433E-004
  -1.6799999999999997        4.6554882067732849E-004
  -1.6559999999999997        5.8110391332845282E-004
  -1.6319999999999997        7.2050874152095208E-004
  -1.6079999999999997        8.8759306476764014E-004
  -1.5839999999999996        1.0865932254782880E-003
  -1.5599999999999996        1.3221624891861059E-003
  -1.5359999999999996        1.5993770233868499E-003
  -1.5119999999999996        1.9237370999347135E-003
  -1.4879999999999995        2.3011631821230672E-003
  -1.4639999999999995        2.7379866434388295E-003
  -1.4399999999999995        3.2409349581348818E-003
  -1.4159999999999995        3.8171113016529012E-003
  -1.3919999999999995        4.4739685986408140E-003
  -1.3680000000000003        5.2192781553212324E-003
  -1.3440000000000003        6.0610931088330407E-003
  -1.3200000000000003        7.0077070162059291E-003
  -1.2960000000000003        8.0676079881674863E-003
  -1.2720000000000002        9.2494288459876936E-003
  -1.2480000000000002        1.0561893841888914E-002
  -1.2240000000000002        1.2013762533969087E-002
  -1.2000000000000002        1.3613771444759077E-002
  -1.1760000000000002        1.5370574157901719E-002
  -1.1520000000000001        1.7292680520534981E-002
  -1.1280000000000001        1.9388395619665450E-002
  -1.1040000000000001        2.1665759190360612E-002
  -1.0800000000000001        2.4132486092534731E-002
  -1.0560000000000000        2.6795908462691007E-002
  -1.0320000000000000        2.9662920108490712E-002
  -1.0080000000000000        3.2739923668565749E-002
 -0.98399999999999999        3.6032781009337461E-002
 -0.95999999999999996        3.9546767275527389E-002
 -0.93599999999999994        4.3286528953486086E-002
 -0.91199999999999992        4.7256046247203483E-002
 -0.88799999999999990        5.1458600007384281E-002
 -0.86399999999999988        5.5896743395017046E-002
 -0.83999999999999986        6.0572278403795421E-002
 -0.81599999999999984        6.5486237310870721E-002
 -0.79199999999999982        7.0638869073754676E-002
 -0.76799999999999979        7.6029630643108512E-002
 -0.74399999999999977        8.1657183117068918E-002
 -0.71999999999999975        8.7519392622942893E-002
 -0.69599999999999973        9.3613335776589243E-002
 -0.67199999999999971        9.9935309538866063E-002
 -0.64799999999999969       0.10648084526183393     
 -0.62399999999999967       0.11324472669486785     
 -0.59999999999999964       0.12022101170251169     
 -0.57599999999999962       0.12740305743097893     
 -0.55199999999999960       0.13478354864905678     
 -0.52799999999999958       0.14235452898071060     
 -0.50399999999999956       0.15010743474125895     
 -0.47999999999999954       0.15803313108570535     
 -0.45599999999999952       0.16612195017661535     
 -0.43199999999999950       0.17436373107951655     
 -0.40799999999999947       0.18274786109561894     
 -0.38399999999999945       0.19126331824476978     
 -0.36000000000000032       0.19989871461558029     
 -0.33600000000000030       0.20864234030453535     
 -0.31200000000000028       0.21748220767153406     
 -0.28800000000000026       0.22640609564548650     
 -0.26400000000000023       0.23540159382075942     
 -0.24000000000000021       0.24445614609292948     
 -0.21600000000000019       0.25355709359118533     
 -0.19200000000000017       0.26269171667429564     
 -0.16800000000000015       0.27184727576818296     
 -0.14400000000000013       0.28101105083535599     
 -0.12000000000000011       0.29017037928031542     
  -9.6000000000000085E-002  0.29931269211045164     
  -7.2000000000000064E-002  0.30842554818902296     
  -4.8000000000000043E-002  0.31749666643553881     
  -2.4000000000000021E-002  0.32651395584925480     
   0.0000000000000000       0.33546554325316008     
   2.4000000000000021E-002  0.34433979867890785     
   4.8000000000000043E-002  0.35312535833702052     
   7.2000000000000064E-002  0.36181114514100871     
   9.6000000000000085E-002  0.37038638677881147     
  0.12000000000000011       0.37884063134897050     
  0.14400000000000013       0.38716376060248531     
  0.16800000000000015       0.39534600085345212     
  0.19200000000000017       0.40337793164201607     
  0.21600000000000019       0.41125049225163657     
  0.24000000000000021       0.41895498619866028     
  0.26400000000000023       0.42648308382560413     
  0.28800000000000026       0.43382682314024662     
  0.31200000000000028       0.44097860905040337     
  0.33600000000000030       0.44793121114919537     
  0.36000000000000032       0.45467776020798206     
  0.38400000000000034       0.46121174353378674     
  0.40800000000000036       0.46752699934544867     
  0.43200000000000038       0.47361771031801003     
  0.45600000000000041       0.47947839643849954     
  0.48000000000000043       0.48510390730830516     
  0.50400000000000045       0.49048941401826845     
  0.52800000000000047       0.49563040071291986     
  0.55200000000000049       0.50052265594968248     
  0.57600000000000051       0.50516226394837938     
  0.60000000000000053       0.50954559581548964     
  0.62400000000000055       0.51366930081723827     
  0.64800000000000058       0.51753029776522652     
  0.67199999999999971       0.52112576656868526     
  0.69599999999999973       0.52445313999822529     
  0.71999999999999975       0.52751009569746676     
  0.74399999999999977       0.53029454847106039     
  0.76799999999999979       0.53280464287063045     
  0.79199999999999982       0.53503874609376523     
  0.81599999999999984       0.53699544120554177     
  0.83999999999999986       0.53867352068714280     
  0.86399999999999988       0.54007198031192261     
  0.88799999999999990       0.54119001334550543     
  0.91199999999999992       0.54202700506366808     
  0.93599999999999994       0.54258252757889569     
  0.95999999999999996       0.54285633496480823     
  0.98399999999999999       0.54284835866574421     
   1.0080000000000000       0.54255870317777155     
   1.0320000000000000       0.54198764198634186     
   1.0560000000000000       0.54113561374528873     
   1.0800000000000001       0.54000321868150958     
   1.1040000000000001       0.53859121520951492     
   1.1280000000000001       0.53690051674006412     
   1.1520000000000001       0.53493218866741932     
   1.1760000000000002       0.53268744551989422     
   1.2000000000000002       0.53016764825900942     
   1.2240000000000002       0.52737430171283328     
   1.2480000000000002       0.52430905212993284     
   1.2720000000000002       0.52097368484071349     
   1.2960000000000003       0.51737012201376054     
   1.3200000000000003       0.51350042049532785     
   1.3440000000000003       0.50936676972086203     
   1.3680000000000003       0.50497148968812744     
   1.3920000000000003       0.50031702898211561     
   1.4160000000000004       0.49540596284261373     
   1.4400000000000004       0.49024099126595333     
   1.4640000000000004       0.48482493713305091     
   1.4880000000000004       0.47916074435648276     
   1.5120000000000005       0.47325147603991208     
   1.5360000000000005       0.46710031264372109     
   1.5600000000000005       0.46071055015122581     
   1.5840000000000005       0.45408559823037548     
   1.6080000000000005       0.44722897838631148     
   1.6320000000000006       0.44014432210056270     
   1.6560000000000006       0.43283536895316321     
   1.6799999999999997       0.42530596472428572     
   1.7039999999999997       0.41756005947239982     
   1.7279999999999998       0.40960170558636810     
   1.7519999999999998       0.40143505580909333     
   1.7759999999999998       0.39306436123079785     
   1.7999999999999998       0.38449396925012791     
   1.8239999999999998       0.37572832150172658     
   1.8479999999999999       0.36677195174900379     
   1.8719999999999999       0.35762948374119330     
   1.8959999999999999       0.34830562903388557     
   1.9199999999999999       0.33880518477257293     
   1.9440000000000000       0.32913303143875711     
   1.9680000000000000       0.31929413055848965     
   1.9920000000000000       0.30929352237328028     
   2.0160000000000000       0.29913632347350405     
   2.0400000000000009       0.28882772439457266     
   2.0640000000000001       0.27837298717620751     
   2.0880000000000010       0.26777744288538513     
   2.1120000000000001       0.25704648910348049     
   2.1360000000000010       0.24618558737836876     
   2.1600000000000001       0.23520026064225399     
   2.1840000000000011       0.22409609059611607     
   2.2080000000000002       0.21287871506173348     
   2.2319999999999993       0.20155382530229318     
   2.2560000000000002       0.19012716331271681     
   2.2799999999999994       0.17860451908082053     
   2.3040000000000003       0.16699172782053520     
   2.3279999999999994       0.15529466717843235     
   2.3520000000000003       0.14351925441487801     
   2.3759999999999994       0.13167144356114746     
   2.4000000000000004       0.11975722255387859     
   2.4239999999999995       0.10778261034829580     
   2.4480000000000004        9.5753654011612718E-002
   2.4719999999999995        8.3676425798152959E-002
   2.4960000000000004        7.1557020207620475E-002
   2.5199999999999996        5.9401551028093399E-002
   2.5440000000000005        4.7216148365226598E-002
   2.5679999999999996        3.5006955659291225E-002
   2.5920000000000005        2.2780126691534584E-002
   2.6159999999999997        1.0541822581536495E-002
   2.6400000000000006       -1.7017912229236806E-003
   2.6639999999999997       -1.3944547961827014E-002
   2.6880000000000006       -2.6180282583137170E-002
   2.7119999999999997       -3.8402834765617511E-002
   2.7360000000000007       -5.0606051942691750E-002
   2.7599999999999998       -6.2783792325663446E-002
   2.7840000000000007       -7.4929927924705014E-002
   2.8079999999999998       -8.7038347565993823E-002
   2.8320000000000007       -9.9102959903356727E-002
   2.8559999999999999      -0.11111769642283974     
   2.8800000000000008      -0.12307651443855343     
   2.9039999999999999      -0.13497340007820463     
   2.9280000000000008      -0.14680237125673029     
   2.9520000000000000      -0.15855748063640435     
   2.9760000000000009      -0.17023281857186889     
   3.0000000000000000      -0.18182251603849059     
   3.0240000000000009      -0.19332074754249026     
   3.0480000000000000      -0.20472173401127886     
   3.0720000000000010      -0.21601974566248644     
   3.0960000000000001      -0.22720910485011792     
   3.1200000000000010      -0.23828418888637559     
   3.1440000000000001      -0.24923943283757072     
   3.1680000000000010      -0.26006933229273665     
   3.1920000000000002      -0.27076844610336498     
   3.2160000000000011      -0.28133139909295718     
   3.2400000000000002      -0.29175288473480127     
   3.2639999999999993      -0.30202766779667883     
   3.2880000000000003      -0.31215058695104797     
   3.3119999999999994      -0.32211655734934608     
   3.3360000000000003      -0.33192057315904921     
   3.3599999999999994      -0.34155771006217056     
   3.3840000000000003      -0.35102312771385952     
   3.4079999999999995      -0.36031207215984651     
   3.4320000000000004      -0.36941987821141647     
   3.4559999999999995      -0.37834197177673073     
   3.4800000000000004      -0.38707387214721783     
   3.5039999999999996      -0.39561119423787255     
   3.5280000000000005      -0.40394965078029310     
   3.5519999999999996      -0.41208505446730814     
   3.5760000000000005      -0.42001332004805186     
   3.5999999999999996      -0.42773046637242429     
   3.6240000000000006      -0.43523261838388244     
   3.6479999999999997      -0.44251600905948868     
   3.6720000000000006      -0.44957698129624846     
   3.6959999999999997      -0.45641198974269775     
   3.7200000000000006      -0.46301760257488889     
   3.7439999999999998      -0.46939050321573550     
   3.7680000000000007      -0.47552749199692823     
   3.7919999999999998      -0.48142548776247851     
   3.8160000000000007      -0.48708152941311578     
   3.8399999999999999      -0.49249277739072916     
   3.8640000000000008      -0.49765651510206227     
   3.8879999999999999      -0.50257015028093077     
   3.9120000000000008      -0.50723121628828316     
   3.9359999999999999      -0.51163737334939674     
   3.9600000000000009      -0.51578640972759426     
   3.9840000000000000      -0.51967624283388314     
   4.0080000000000009      -0.52330492027188724     
   4.0320000000000000      -0.52667062081761240     
   4.0560000000000009      -0.52977165533348103     
   4.0800000000000001      -0.53260646761615726     
   4.1040000000000010      -0.53517363517777883     
   4.1280000000000001      -0.53747186996013985     
   4.1520000000000010      -0.53950001898148126     
   4.1760000000000002      -0.54125706491552328     
   4.2000000000000011      -0.54274212660248666     
   4.2240000000000002      -0.54395445949178856     
   4.2479999999999993      -0.54489345601620998     
   4.2720000000000002      -0.54555864589731295     
   4.2959999999999994      -0.54594969638199387     
   4.3200000000000003      -0.54606641240999365     
   4.3439999999999994      -0.54590873671229845     
   4.3680000000000003      -0.54547674984036765     
   4.3919999999999995      -0.54477067012618374     
   4.4160000000000004      -0.54379085357311663     
   4.4399999999999995      -0.54253779367766841     
   4.4640000000000004      -0.54101212118217479     
   4.4879999999999995      -0.53921460375857955     
   4.5120000000000005      -0.53714614562344531     
   4.5359999999999996      -0.53480778708440313     
   4.5600000000000005      -0.53220070401820707     
   4.5839999999999996      -0.52932620728074076     
   4.6080000000000005      -0.52618574204917234     
   4.6319999999999997      -0.52278088709670234     
   4.6560000000000006      -0.51911335400010949     
   4.6799999999999997      -0.51518498628067289     
   4.7040000000000006      -0.51099775847872331     
   4.7279999999999998      -0.50655377516242195     
   4.7520000000000007      -0.50185526987119478     
   4.7759999999999998      -0.49690460399435732     
   4.8000000000000007      -0.49170426558551106     
   4.8239999999999998      -0.48625686811329843     
   4.8480000000000008      -0.48056514914911630     
   4.8719999999999999      -0.47463196899250348     
   4.8960000000000008      -0.46846030923482979     
   4.9199999999999999      -0.46205327126204521     
   4.9440000000000008      -0.45541407469722445     
   4.9680000000000000      -0.44854605578370776     
   4.9920000000000009      -0.44145266570962011     
   5.0160000000000000      -0.43413746887463789     
   5.0400000000000009      -0.42660414109985079     
   5.0640000000000001      -0.41885646778163316     
   5.0880000000000010      -0.41089834199045699     
   5.1120000000000001      -0.40273376251556747     
   5.1360000000000010      -0.39436683185655835     
   5.1600000000000001      -0.38580175416278922     
   5.1840000000000011      -0.37704283312175640     
   5.2080000000000002      -0.36809446979740057     
   5.2320000000000011      -0.35896116041949427     
   5.2560000000000002      -0.34964749412519430     
   5.2799999999999994      -0.34015815065390193     
   5.3040000000000003      -0.33049789799657925     
   5.3279999999999994      -0.32067159000072265     
   5.3520000000000003      -0.31068416393216264     
   5.3759999999999994      -0.30054063799495973     
   5.4000000000000004      -0.29024610881060531     
   5.4239999999999995      -0.27980574885781412     
   5.4480000000000004      -0.26922480387418163     
   5.4719999999999995      -0.25850859022103112     
   5.4960000000000004      -0.24766249221274902     
   5.5199999999999996      -0.23669195941198112     
   5.5440000000000005      -0.22560250389201378     
   5.5679999999999996      -0.21439969746774787     
   5.5920000000000005      -0.20308916889663770     
   5.6159999999999997      -0.19167660105100687     
   5.6400000000000006      -0.18016772806316383     
   5.6639999999999997      -0.16856833244475034     
   5.6880000000000006      -0.15688424218176919     
   5.7119999999999997      -0.14512132780675341     
   5.7360000000000007      -0.13328549944954463     
   5.7599999999999998      -0.12138270386816878     
   5.7840000000000007      -0.10941892146129500     
   5.8079999999999998       -9.7400163263782272E-002
   5.8320000000000007       -8.5332467926821989E-002
   5.8559999999999999       -7.3221898684197831E-002
   5.8800000000000008       -6.1074540306180723E-002
   5.9039999999999999       -4.8896496042595550E-002
   5.9280000000000008       -3.6693884556594364E-002
   5.9520000000000000       -2.4472836850674504E-002
   5.9760000000000009       -1.2239493186489829E-002
