  -6.0000000000000000       -5.5308724151575163E-266
  -5.9760000000000000       -5.2538853969460018E-262
  -5.9520000000000000       -3.2742721195050430E-258
  -5.9279999999999999       -3.9604704713686300E-255
  -5.9039999999999999       -6.0602503303706803E-251
  -5.8799999999999999       -3.9652438519500737E-246
  -5.8559999999999999       -5.0161335581101565E-243
  -5.8319999999999999       -1.0939681183109303E-238
  -5.8079999999999998       -6.0091748654890339E-235
  -5.7839999999999998       -4.2032005543241737E-231
  -5.7599999999999998       -3.3830414978119584E-227
  -5.7359999999999998        1.2050991174366414E-225
  -5.7119999999999997       -5.1180485143540953E-220
  -5.6879999999999997       -2.9229761143599085E-216
  -5.6639999999999997       -4.1462526633461337E-213
  -5.6399999999999997       -4.9096289219651653E-210
  -5.6159999999999997       -1.0762686956159076E-205
  -5.5919999999999996       -4.1492103352810656E-202
  -5.5679999999999996       -7.0903338397536077E-199
  -5.5439999999999996        1.1708496447499863E-195
  -5.5199999999999996       -4.6553453903325240E-192
  -5.4960000000000004       -2.6982209500200384E-188
  -5.4719999999999995       -5.1791113108997245E-185
  -5.4480000000000004        2.8529391044108701E-182
  -5.4239999999999995       -1.5804308895274416E-178
  -5.4000000000000004       -1.8497008433785027E-175
  -5.3760000000000003        2.1750675998820710E-172
  -5.3520000000000003       -1.4795932708503050E-168
  -5.3280000000000003       -5.1225951075568075E-166
  -5.3040000000000003       -9.3342879370657168E-163
  -5.2800000000000002       -3.2101772959496680E-159
  -5.2560000000000002        4.2044986914460294E-157
  -5.2320000000000002       -3.8532557920783880E-153
  -5.2080000000000002       -1.4095058822505727E-150
  -5.1840000000000002       -1.9253578143642196E-147
  -5.1600000000000001       -5.0491096884483418E-144
  -5.1360000000000001       -1.4648519941393064E-141
  -5.1120000000000001       -5.1116515448407254E-141
  -5.0880000000000001       -1.4004005196394741E-135
  -5.0640000000000001       -7.1614731595199089E-133
  -5.0400000000000000        7.3652881085713099E-131
  -5.0160000000000000       -1.5413531226410551E-128
  -4.9920000000000000       -1.5737398955039367E-124
  -4.9680000000000000       -6.2116407929297599E-122
  -4.9440000000000000       -3.1344782436223701E-119
  -4.9199999999999999       -1.9861845869241185E-116
  -4.8959999999999999        4.6179217952835173E-114
  -4.8719999999999999       -1.6846526374194299E-111
  -4.8479999999999999       -5.1147815223829540E-109
  -4.8239999999999998        4.4121601218788625E-106
  -4.7999999999999998       -1.1269444539274740E-103
  -4.7759999999999998       -7.9099887736194554E-101
  -4.7519999999999998       -8.0247081906102717E-099
  -4.7279999999999998       -4.1036383890844490E-096
  -4.7039999999999997       -7.7501455554152466E-094
  -4.6799999999999997        3.7066341874519852E-093
  -4.6559999999999997       -7.9765234802958899E-090
  -4.6319999999999997       -4.2832559913514605E-087
  -4.6079999999999997       -2.7724774454741778E-085
  -4.5839999999999996        5.1530617861253982E-083
  -4.5600000000000005        3.5839862885813077E-081
  -4.5359999999999996        2.4173795658669633E-078
  -4.5120000000000005       -1.3062549998258144E-076
  -4.4879999999999995       -2.5435990029326794E-074
  -4.4640000000000004       -1.0027645665207289E-071
  -4.4399999999999995        4.2296737586425650E-070
  -4.4160000000000004       -1.0031769160416579E-067
  -4.3919999999999995       -1.6537185611522377E-065
  -4.3680000000000003       -7.5083575777285795E-065
  -4.3439999999999994       -1.7133988794642432E-063
  -4.3200000000000003       -4.9261140750696866E-060
  -4.2960000000000003       -3.0536149276840137E-060
  -4.2720000000000002       -5.8485939695668284E-057
  -4.2480000000000002        1.2351859188203427E-057
  -4.2240000000000002       -1.5765598995322939E-052
  -4.2000000000000002        2.6493953157215776E-051
  -4.1760000000000002       -1.6548549221856699E-049
  -4.1520000000000001       -5.8049588769647887E-048
  -4.1280000000000001       -1.2788512602931225E-048
  -4.1040000000000001       -3.6005846657222620E-045
  -4.0800000000000001       -2.8221818579213754E-043
  -4.0560000000000000       -1.0393486775108427E-041
  -4.0320000000000000       -7.5007272504937413E-040
  -4.0080000000000000       -1.5891933364605825E-038
  -3.9840000000000000       -3.9424932497250769E-037
  -3.9600000000000000       -1.0694254737289989E-035
  -3.9359999999999999       -1.1173939901491033E-034
  -3.9119999999999999       -4.5155414281546037E-033
  -3.8879999999999999       -5.0718707716260798E-032
  -3.8639999999999999       -2.4976719372434314E-030
  -3.8399999999999999       -1.8163930158945138E-029
  -3.8159999999999998        1.4133104260725707E-028
  -3.7919999999999998       -1.5030168939967984E-027
  -3.7679999999999998       -3.6307418860112709E-026
  -3.7439999999999998       -5.5880260038537379E-025
  -3.7199999999999998       -4.2998971002394593E-024
  -3.6959999999999997       -4.6412441096855409E-023
  -3.6720000000000002       -3.8755539061877262E-022
  -3.6480000000000001       -3.5396497966847640E-022
  -3.6240000000000001       -7.0243083286624300E-021
  -3.6000000000000001       -6.8647600306255470E-020
  -3.5760000000000001       -3.7715789274766256E-019
  -3.5520000000000000       -1.8411001997562676E-018
  -3.5280000000000000       -6.6882420969024062E-018
  -3.5040000000000000       -2.2488815308382790E-018
  -3.4800000000000000       -7.1264341402230747E-017
  -3.4560000000000000       -6.6930176829262205E-017
  -3.4319999999999999        4.9898251578131940E-017
  -3.4079999999999999       -1.2999187499939831E-017
  -3.3839999999999999       -9.9567210154295640E-017
  -3.3599999999999999        7.6712779261797613E-016
  -3.3359999999999999        4.2773280514374672E-016
  -3.3119999999999998        2.0531874064972387E-016
  -3.2879999999999998        6.1166702520271948E-016
  -3.2639999999999998        6.0733372510463468E-016
  -3.2399999999999998        1.1294416221769109E-016
  -3.2159999999999997        4.1452625133009082E-016
  -3.1919999999999997       -7.3632988927665281E-016
  -3.1680000000000001        5.0812728358908838E-016
  -3.1440000000000001       -1.0779587700966462E-016
  -3.1200000000000001        4.8441843651629546E-016
  -3.0960000000000001        6.8223989908149181E-016
  -3.0720000000000001       -5.8371777073008017E-016
  -3.0480000000000000       -8.9278866274217290E-016
  -3.0240000000000000        1.4025307176247315E-015
  -3.0000000000000000        1.5866312521909368E-015
  -2.9760000000000000        1.1390836401162180E-015
  -2.9520000000000000       -3.5126018464193694E-015
  -2.9279999999999999       -6.0806442248506412E-015
  -2.9039999999999999       -2.0315751342726322E-014
  -2.8799999999999999       -5.7231290175637237E-014
  -2.8559999999999999       -1.6298768623690634E-013
  -2.8319999999999999       -4.5474913243377236E-013
  -2.8079999999999998       -1.2252972786375167E-012
  -2.7839999999999998       -3.2038493814949268E-012
  -2.7599999999999998       -8.1360302916931290E-012
  -2.7359999999999998       -2.0071475794965078E-011
  -2.7119999999999997       -4.8147340832273227E-011
  -2.6879999999999997       -1.1239203411646589E-010
  -2.6640000000000001       -2.5551166136103190E-010
  -2.6400000000000001       -5.6613355114607278E-010
  -2.6160000000000001       -1.2234385740787694E-009
  -2.5920000000000001       -2.5805356763479902E-009
  -2.5680000000000001       -5.3163180287624437E-009
  -2.5440000000000000       -1.0704903981844881E-008
  -2.5200000000000000       -2.1082268463008156E-008
  -2.4960000000000000       -4.0634881070076562E-008
  -2.4720000000000000       -7.6701695960036433E-008
  -2.4480000000000000       -1.4187483088952871E-007
  -2.4239999999999999       -2.5731380925975151E-007
  -2.3999999999999999       -4.5786142566884716E-007
  -2.3759999999999999       -7.9977366280010490E-007
  -2.3519999999999999       -1.3721579286054873E-006
  -2.3279999999999998       -2.3135562236877644E-006
  -2.3039999999999998       -3.8355104818769283E-006
  -2.2799999999999998       -6.2553979699125433E-006
  -2.2559999999999998       -1.0041307513918226E-005
  -2.2319999999999998       -1.5872215330405867E-005
  -2.2079999999999997       -2.4717173563269145E-005
  -2.1839999999999997       -3.7937596410729410E-005
  -2.1600000000000001       -5.7416958420140649E-005
  -2.1360000000000001       -8.5722242223283793E-005
  -2.1120000000000001       -1.2630121867376968E-004
  -2.0880000000000001       -1.8371904618888312E-004
  -2.0640000000000001       -2.6393667912576868E-004
  -2.0400000000000000       -3.7463213611018905E-004
  -2.0160000000000000       -5.2556377823280876E-004
  -1.9920000000000000       -7.2897239284096227E-004
  -1.9680000000000000       -1.0000161130107987E-003
  -1.9440000000000000       -1.3572291035255702E-003
  -1.9199999999999999       -1.8229916247984258E-003
  -1.8959999999999999       -2.4239956942881604E-003
  -1.8719999999999999       -3.1916872751766227E-003
  -1.8479999999999999       -4.1626629304718967E-003
  -1.8239999999999998       -5.3789963913590437E-003
  -1.7999999999999998       -6.8884687048482787E-003
  -1.7759999999999998       -8.7446747348641704E-003
  -1.7519999999999998       -1.1006978953324477E-002
  -1.7279999999999998       -1.3740294794459079E-002
  -1.7039999999999997       -1.7014664428623094E-002
  -1.6799999999999997       -2.0904619657807690E-002
  -1.6559999999999997       -2.5488309699061414E-002
  -1.6319999999999997       -3.0846387800071335E-002
  -1.6079999999999997       -3.7060655759123776E-002
  -1.5839999999999996       -4.4212473284537201E-002
  -1.5599999999999996       -5.2380947467413626E-002
  -1.5359999999999996       -6.1640926164633236E-002
  -1.5119999999999996       -7.2060827486097101E-002
  -1.4879999999999995       -8.3700345534301779E-002
  -1.4639999999999995       -9.6608079747431422E-002
  -1.4399999999999995      -0.11081914136155853     
  -1.4159999999999995      -0.12635279537977084     
  -1.3919999999999995      -0.14321019980518288     
  -1.3680000000000003      -0.16137230560201124     
  -1.3440000000000003      -0.18079798079175838     
  -1.3200000000000003      -0.20142242022783077     
  -1.2960000000000003      -0.22315589893929799     
  -1.2720000000000002      -0.24588292156897326     
  -1.2480000000000002      -0.26946181348260451     
  -1.2240000000000002      -0.29372479077264957     
  -1.2000000000000002      -0.31847853684018623     
  -1.1760000000000002      -0.34350530276291186     
  -1.1520000000000001      -0.36856453751907470     
  -1.1280000000000001      -0.39339504262419006     
  -1.1040000000000001      -0.41771763414080770     
  -1.0800000000000001      -0.44123828362948181     
  -1.0560000000000000      -0.46365169869623685     
  -1.0320000000000000      -0.48464529361481862     
  -1.0080000000000000      -0.50390349129139833     
 -0.98399999999999999      -0.52111228979609259     
 -0.95999999999999996      -0.53596401997705301     
 -0.93599999999999994      -0.54816221542988064     
 -0.91199999999999992      -0.55742651241173624     
 -0.88799999999999990      -0.56349749522226222     
 -0.86399999999999988      -0.56614140214154585     
 -0.83999999999999986      -0.56515460820392549     
 -0.81599999999999984      -0.56036780384653673     
 -0.79199999999999982      -0.55164979272540626     
 -0.76799999999999979      -0.53891083763448300     
 -0.74399999999999977      -0.52210549036613774     
 -0.71999999999999975      -0.50123484936874874     
 -0.69599999999999973      -0.47634819802499151     
 -0.67199999999999971      -0.44754398611969964     
 -0.64799999999999969      -0.41497012740691713     
 -0.62399999999999967      -0.37882359693616419     
 -0.59999999999999964      -0.33934932277122276     
 -0.57599999999999962      -0.29683837774727534     
 -0.55199999999999960      -0.25162548778405625     
 -0.52799999999999958      -0.20408588383360307     
 -0.50399999999999956      -0.15463153462888823     
 -0.47999999999999954      -0.10370680686540858     
 -0.45599999999999952       -5.1783608155231343E-002
 -0.43199999999999950        6.4392407873361786E-004
 -0.40799999999999947        5.3065117756621295E-002
 -0.38399999999999945       0.10495876956125261     
 -0.36000000000000032       0.15579937621400164     
 -0.33600000000000030       0.20506350976785709     
 -0.31200000000000028       0.25223625088130014     
 -0.28800000000000026       0.29681759308967376     
 -0.26400000000000023       0.33832873139278108     
 -0.24000000000000021       0.37631815001092234     
 -0.21600000000000019       0.41036742689110189     
 -0.19200000000000017       0.44009667641884798     
 -0.16800000000000015       0.46516955674197413     
 -0.14400000000000013       0.48529777405829710     
 -0.12000000000000011       0.50024502306514396     
  -9.6000000000000085E-002  0.50983031040653537     
  -7.2000000000000064E-002  0.51393061626749637     
  -4.8000000000000043E-002  0.51248285812791838     
  -2.4000000000000021E-002  0.50548512996884831     
   0.0000000000000000       0.49299719978627443     
   2.4000000000000021E-002  0.47514025797321952     
   4.8000000000000043E-002  0.45209591884377065     
   7.2000000000000064E-002  0.42410448715784588     
   9.6000000000000085E-002  0.39146251083438099     
  0.12000000000000011       0.35451964999160435     
  0.14400000000000013       0.31367490091300188     
  0.16800000000000015       0.26937222140476064     
  0.19200000000000017       0.22209561119411658     
  0.21600000000000019       0.17236370744037080     
  0.24000000000000021       0.12072396102640816     
  0.26400000000000023        6.7746464016914337E-002
  0.28800000000000026        1.4017502471261302E-002
  0.31200000000000028       -3.9867088341065358E-002
  0.33600000000000030       -9.3308687370611251E-002
  0.36000000000000032      -0.14571268996530984     
  0.38400000000000034      -0.19649526889928920     
  0.40800000000000036      -0.24509001528982979     
  0.43200000000000038      -0.29095438227417708     
  0.45600000000000041      -0.33357585701841780     
  0.48000000000000043      -0.37247779015329940     
  0.50400000000000045      -0.40722481602498545     
  0.52800000000000047      -0.43742780215570937     
  0.55200000000000049      -0.46274827196644247     
  0.57600000000000051      -0.48290225105347301     
  0.60000000000000053      -0.49766349405992533     
  0.62400000000000055      -0.50686605636586612     
  0.64800000000000058      -0.51040618235606949     
  0.67199999999999971      -0.50824348983080336     
  0.69599999999999973      -0.50040143811702031     
  0.71999999999999975      -0.48696707552932739     
  0.74399999999999977      -0.46809006993545055     
  0.76799999999999979      -0.44398103421312907     
  0.79199999999999982      -0.41490916625902596     
  0.81599999999999984      -0.38119923084157181     
  0.83999999999999986      -0.34322791789762169     
  0.86399999999999988      -0.30141961877953588     
  0.88799999999999990      -0.25624166839144147     
  0.91199999999999992      -0.20819910704222611     
  0.93599999999999994      -0.15782902112573907     
  0.95999999999999996      -0.10569452635874085     
  0.98399999999999999       -5.2378461215858402E-002
   1.0080000000000000        1.5231386447041404E-003
   1.0320000000000000        5.5407711803416040E-002
   1.0560000000000000       0.10867291363363574     
   1.0800000000000001       0.16072335454601569     
   1.1040000000000001       0.21097725859195515     
   1.1280000000000001       0.25887296804050469     
   1.1520000000000001       0.30387522131243561     
   1.1760000000000002       0.34548113422879928     
   1.2000000000000002       0.38322581788017496     
   1.2240000000000002       0.41668757051012512     
   1.2480000000000002       0.44549258558636146     
   1.2720000000000002       0.46931912365315931     
   1.2960000000000003       0.48790110155819177     
   1.3200000000000003       0.50103105916001944     
   1.3440000000000003       0.50856247057620030     
   1.3680000000000003       0.51041137435000317     
   1.3920000000000003       0.50655730451387337     
   1.4160000000000004       0.49704351232662186     
   1.4400000000000004       0.48197647637159469     
   1.4640000000000004       0.46152470663714584     
   1.4880000000000004       0.43591685607075420     
   1.5120000000000005       0.40543916081584136     
   1.5360000000000005       0.37043223782100049     
   1.5600000000000005       0.33128727567082461     
   1.5840000000000005       0.28844166124678111     
   1.6080000000000005       0.24237409111029881     
   1.6320000000000006       0.19359922223815254     
   1.6560000000000006       0.14266192186927354     
   1.6799999999999997        9.0131180684127163E-002
   1.7039999999999997        3.6593757284146280E-002
   1.7279999999999998       -1.7352375072999238E-002
   1.7519999999999998       -7.1104706329361334E-002
   1.7759999999999998      -0.12406291753928878     
   1.7999999999999998      -0.17563558375337168     
   1.8239999999999998      -0.22524677707503921     
   1.8479999999999999      -0.27234249621134271     
   1.8719999999999999      -0.31639685078141799     
   1.8959999999999999      -0.35691793138754196     
   1.9199999999999999      -0.39345329996460554     
   1.9440000000000000      -0.42559503916463176     
   1.9680000000000000      -0.45298430445665022     
   1.9920000000000000      -0.47531532817383787     
   2.0160000000000000      -0.49233883085734309     
   2.0400000000000009      -0.50386480186160643     
   2.0640000000000001      -0.50976461822536812     
   2.0880000000000010      -0.50997247819732072     
   2.1120000000000001      -0.50448613345353732     
   2.1360000000000010      -0.49336691186949339     
   2.1600000000000001      -0.47673903062606637     
   2.1840000000000011      -0.45478820734747100     
   2.2080000000000002      -0.42775958480170950     
   2.2319999999999993      -0.39595499235327214     
   2.2560000000000002      -0.35972957475807182     
   2.2799999999999994      -0.31948782594935726     
   2.3040000000000003      -0.27567907210203119     
   2.3279999999999994      -0.22879245440700086     
   2.3520000000000003      -0.17935146756886772     
   2.3759999999999994      -0.12790811499649998     
   2.4000000000000004       -7.5036745932231877E-002
   2.4239999999999995       -2.1327643313151547E-002
   2.4480000000000004        3.2619566061654781E-002
   2.4719999999999995        8.6202605502690238E-002
   2.4960000000000004       0.13882327182451912     
   2.5199999999999996       0.18989411312035812     
   2.5440000000000005       0.23884498638452839     
   2.5679999999999996       0.28512942179286638     
   2.5920000000000005       0.32823072261022807     
   2.6159999999999997       0.36766773264597202     
   2.6400000000000006       0.40300020688976268     
   2.6639999999999997       0.43383372538983989     
   2.6880000000000006       0.45982409553451059     
   2.7119999999999997       0.48068119360830747     
   2.7360000000000007       0.49617220275315588     
   2.7599999999999998       0.50612421120211382     
   2.7840000000000007       0.51042614179381240     
   2.8079999999999998       0.50902999123971171     
   2.8320000000000007       0.50195136532056750     
   2.8559999999999999       0.48926930404695246     
   2.8800000000000008       0.47112539874368148     
   2.9039999999999999       0.44772221092111664     
   2.9280000000000008       0.41932101058927918     
   2.9520000000000000       0.38623885926655294     
   2.9760000000000009       0.34884507024882483     
   3.0000000000000000       0.30755708565532686     
   3.0240000000000009       0.26283581627690655     
   3.0480000000000000       0.21518049624811170     
   3.0720000000000010       0.16512310997950022     
   3.0960000000000001       0.11322245356050856     
   3.1200000000000010        6.0057896922784668E-002
   3.1440000000000001        6.2229163935269361E-003
   3.1680000000000010       -4.7681530169166021E-002
   3.1920000000000002      -0.10105371171024917     
   3.2160000000000011      -0.15329784090104548     
   3.2400000000000002      -0.20383072467643457     
   3.2639999999999993      -0.25208827415185669     
   3.2880000000000003      -0.29753180125594375     
   3.3119999999999994      -0.33965403179561926     
   3.3360000000000003      -0.37798476783598245     
   3.3599999999999994      -0.41209613619194790     
   3.3840000000000003      -0.44160736444857929     
   3.4079999999999995      -0.46618903120122052     
   3.4320000000000004      -0.48556674307522701     
   3.4559999999999995      -0.49952419748393750     
   3.4800000000000004      -0.50790559693980541     
   3.5039999999999996      -0.51061738797192191     
   3.5280000000000005      -0.50762930524207339     
   3.5519999999999996      -0.49897470920691878     
   3.5760000000000005      -0.48475021355953496     
   3.5999999999999996      -0.46511460661116721     
   3.6240000000000006      -0.44028707865517175     
   3.6479999999999997      -0.41054477510188792     
   3.6720000000000006      -0.37621970269901323     
   3.6959999999999997      -0.33769502337296120     
   3.7200000000000006      -0.29540077706219836     
   3.7439999999999998      -0.24980908128714452     
   3.7680000000000007      -0.20142886104190721     
   3.7919999999999998      -0.15080016783576222     
   3.8160000000000007       -9.8488151298139384E-002
   3.8399999999999999       -4.5076750638966517E-002
   3.8640000000000008        8.8378236168066733E-003
   3.8879999999999999        6.2653744860830043E-002
   3.9120000000000008       0.11577028831061928     
   3.9359999999999999       0.16759453660854523     
   3.9600000000000009       0.21754799826004464     
   3.9840000000000000       0.26507306503363520     
   4.0080000000000009       0.30963923624295991     
   4.0320000000000000       0.35074904043325622     
   4.0560000000000009       0.38794358837253234     
   4.0800000000000001       0.42080769536312101     
   4.1040000000000010       0.44897451569697533     
   4.1280000000000001       0.47212963752350762     
   4.1520000000000010       0.49001459242211681     
   4.1760000000000002       0.50242974050469769     
   4.2000000000000011       0.50923649884413658     
   4.2240000000000002       0.51035888835482457     
   4.2479999999999993       0.50578438185889896     
   4.2720000000000002       0.49556404387243896     
   4.2959999999999994       0.47981196055187858     
   4.3200000000000003       0.45870396616444054     
   4.3439999999999994       0.43247568029885297     
   4.3680000000000003       0.40141987772636795     
   4.3919999999999995       0.36588322027135578     
   4.4160000000000004       0.32626238717217376     
   4.4399999999999995       0.28299964712730258     
   4.4640000000000004       0.23657792145388912     
   4.4879999999999995       0.18751539346614121     
   4.5120000000000005       0.13635972424633949     
   4.5359999999999996        8.3681939374756917E-002
   4.5600000000000005        3.0070054857658034E-002
   4.5839999999999996       -2.3877486596276837E-002
   4.6080000000000005       -7.7558495683871201E-002
   4.6319999999999997      -0.13037375843337901     
   4.6560000000000006      -0.18173372491524406     
   4.6799999999999997      -0.23106509007544659     
   4.7040000000000006      -0.27781719323324622     
   4.7279999999999998      -0.32146816480943358     
   4.7520000000000007      -0.36153075167264215     
   4.7759999999999998      -0.39755775607876875     
   4.8000000000000007      -0.42914702749177364     
   4.8239999999999998      -0.45594595156512124     
   4.8480000000000008      -0.47765538617596487     
   4.8719999999999999      -0.49403300057655697     
   4.8960000000000008      -0.50489598038990857     
   4.9199999999999999      -0.51012306825555631     
   4.9440000000000008      -0.50965591734701465     
   4.9680000000000000      -0.50349974265252950     
   4.9920000000000009      -0.49172326274942940     
   5.0160000000000000      -0.47445793272221704     
   5.0400000000000009      -0.45189647678706601     
   5.0640000000000001      -0.42429073700240283     
   5.0880000000000010      -0.39194886207939933     
   5.1120000000000001      -0.35523186767224807     
   5.1360000000000010      -0.31454960654400388     
   5.1600000000000001      -0.27035619359088070     
   5.1840000000000011      -0.22314493679310116     
   5.2080000000000002      -0.17344283067537850     
   5.2320000000000011      -0.12180467374361753     
   5.2560000000000002       -6.8806875561732705E-002
   5.2799999999999994       -1.5041022596830430E-002
   5.3040000000000003        3.8892725346208426E-002
   5.3279999999999994        9.2392334388770758E-002
   5.3520000000000003       0.14486061676089207     
   5.3759999999999994       0.19571189688827589     
   5.4000000000000004       0.24437854897404801     
   5.4239999999999995       0.29031733309979252     
   5.4480000000000004       0.33301545911944846     
   5.4719999999999995       0.37199631065819166     
   5.4960000000000004       0.40682476532237782     
   5.5199999999999996       0.43711205173407153     
   5.5440000000000005       0.46252008917369558     
   5.5679999999999996       0.48276526138982040     
   5.5920000000000005       0.49762158245116528     
   5.6159999999999997       0.50692321930214834     
   5.6400000000000006       0.51056634286415381     
   5.6639999999999997       0.50851028701971712     
   5.6880000000000006       0.50077800254258453     
   5.7119999999999997       0.48745580090671226     
   5.7360000000000007       0.46869239083398567     
   5.7599999999999998       0.44469721833520975     
   5.7840000000000007       0.41573812877362798     
   5.8079999999999998       0.38213837704813902     
   5.8320000000000007       0.34427301926994680     
   5.8559999999999999       0.30256472621045294     
   5.8800000000000008       0.25747906525261660     
   5.9039999999999999       0.20951930351084697     
   5.9280000000000008       0.15922079012940388     
   5.9520000000000000       0.10714498046668521     
   5.9760000000000009        5.3873168870218507E-002
