  -6.0000000000000000       -3.5669667918564537E-266
  -5.9760000000000000        2.6400608774674317E-262
  -5.9520000000000000        5.6753467697996200E-258
  -5.9279999999999999        6.6487094247453514E-254
  -5.9039999999999999       -9.8220304201470587E-251
  -5.8799999999999999        4.1131427941591551E-247
  -5.8559999999999999        3.8589165486677678E-243
  -5.8319999999999999       -2.2742324871019312E-238
  -5.8079999999999998        2.4630476838060262E-235
  -5.7839999999999998        2.2322452151195590E-231
  -5.7599999999999998        3.4313965773941569E-227
  -5.7359999999999998        1.3448690083140133E-223
  -5.7119999999999997        9.0101021997278267E-220
  -5.6879999999999997       -6.9983533144528112E-218
  -5.6639999999999997        1.4346225587366451E-212
  -5.6399999999999997       -2.7625137893297800E-209
  -5.6159999999999997        1.2686979693853946E-205
  -5.5919999999999996       -3.3170274967951878E-202
  -5.5679999999999996       -8.5983921895348201E-199
  -5.5439999999999996        5.0228552583347286E-195
  -5.5199999999999996        6.6980365968650272E-192
  -5.4960000000000004        1.0778825767103055E-188
  -5.4719999999999995       -1.3961909488946439E-184
  -5.4480000000000004        2.5399674081286806E-181
  -5.4239999999999995       -9.1291674684745123E-179
  -5.4000000000000004       -6.9368030852973303E-176
  -5.3760000000000003       -5.8660869735667063E-172
  -5.3520000000000003        2.2878192494792860E-168
  -5.3280000000000003       -1.7888583173699948E-166
  -5.3040000000000003        1.4571047820800759E-162
  -5.2800000000000002       -4.3855892936751589E-159
  -5.2560000000000002       -3.1305942107632684E-156
  -5.2320000000000002        1.8733350847226444E-154
  -5.2080000000000002       -4.4231676212348245E-151
  -5.1840000000000002        9.2212060961833623E-147
  -5.1600000000000001       -5.7380024913362359E-144
  -5.1360000000000001        2.3449511627954317E-141
  -5.1120000000000001       -4.6976577914522332E-138
  -5.0880000000000001        2.8765387184213441E-136
  -5.0640000000000001       -1.1312449693228092E-132
  -5.0400000000000000       -1.1195108937303620E-129
  -5.0160000000000000       -1.6206725135795842E-127
  -4.9920000000000000       -3.3871664816349760E-124
  -4.9680000000000000       -1.6075062344869290E-121
  -4.9440000000000000        9.6528042885588874E-120
  -4.9199999999999999       -1.1015372441357117E-116
  -4.8959999999999999       -2.2333813790721165E-113
  -4.8719999999999999        4.4338637438853775E-111
  -4.8479999999999999       -1.0215802844670521E-108
  -4.8239999999999998        2.5260766822558268E-106
  -4.7999999999999998       -3.1920937418148873E-103
  -4.7759999999999998       -5.1553920899215310E-101
  -4.7519999999999998        1.7138897709370370E-098
  -4.7279999999999998       -2.6353780067005513E-096
  -4.7039999999999997       -6.7357805277041882E-094
  -4.6799999999999997       -1.5756727715276381E-091
  -4.6559999999999997       -4.3486308130782109E-089
  -4.6319999999999997       -3.0016990956543669E-087
  -4.6079999999999997       -3.9241030704798474E-085
  -4.5839999999999996        1.7383147939934709E-082
  -4.5600000000000005        4.0122303568253045E-080
  -4.5359999999999996        6.1241812197727432E-078
  -4.5120000000000005        1.5602427071007324E-075
  -4.4879999999999995        8.4816144931916048E-075
  -4.4640000000000004       -9.5663284128525585E-072
  -4.4399999999999995       -1.2137981983785167E-070
  -4.4160000000000004       -5.4709154259665389E-068
  -4.3919999999999995       -2.6665642268714916E-065
  -4.3680000000000003       -7.1976876952053946E-064
  -4.3439999999999994       -8.0304970662721180E-062
  -4.3200000000000003       -1.1484576113743423E-059
  -4.2960000000000003        4.2681543551778128E-058
  -4.2720000000000002        4.9454759591641038E-056
  -4.2480000000000002       -1.1991143913335949E-054
  -4.2240000000000002       -4.7385405020763848E-053
  -4.2000000000000002        4.8434836205632490E-051
  -4.1760000000000002       -5.6411260825260854E-050
  -4.1520000000000001       -1.4808509897454929E-047
  -4.1280000000000001        3.0075033699604789E-046
  -4.1040000000000001       -1.3712407679543660E-044
  -4.0800000000000001        2.5402294326992813E-043
  -4.0560000000000000        4.2049454509065428E-041
  -4.0320000000000000        7.8102708167228588E-040
  -4.0080000000000000        5.7244746442845649E-039
  -3.9840000000000000        3.6266610732943592E-037
  -3.9600000000000000        8.8407927154040429E-037
  -3.9359999999999999       -6.6764533421883611E-035
  -3.9119999999999999       -4.0253303431343064E-033
  -3.8879999999999999        1.1286604334888783E-031
  -3.8639999999999999       -1.4909710739657472E-031
  -3.8399999999999999       -2.9386495360084350E-029
  -3.8159999999999998        2.9656057182785059E-028
  -3.7919999999999998        3.9371467528617180E-027
  -3.7679999999999998        5.1419352270097015E-026
  -3.7439999999999998        7.9500396998621814E-025
  -3.7199999999999998        4.9945736292535543E-024
  -3.6959999999999997        2.6817731272815265E-023
  -3.6720000000000002        2.7659107482465825E-022
  -3.6480000000000001       -3.8874342475159895E-022
  -3.6240000000000001       -9.5651578858023508E-021
  -3.6000000000000001       -2.3626800729902536E-020
  -3.5760000000000001       -1.5287480325581340E-019
  -3.5520000000000000       -2.3676514230931059E-018
  -3.5280000000000000        4.5403715298933653E-019
  -3.5040000000000000        5.3556412723565543E-018
  -3.4800000000000000        1.1116505712613475E-016
  -3.4560000000000000        1.6274309103051056E-016
  -3.4319999999999999        7.8498836840135066E-017
  -3.4079999999999999        7.7914399205752461E-016
  -3.3839999999999999        6.3469345718119403E-016
  -3.3599999999999999       -6.4392343189062437E-016
  -3.3359999999999999       -2.5508138510823792E-016
  -3.3119999999999998       -2.8642424242435825E-016
  -3.2879999999999998       -6.9417739229874802E-018
  -3.2639999999999998        3.3691312054869744E-016
  -3.2399999999999998        7.0439796729332282E-016
  -3.2159999999999997       -1.5237288336254547E-016
  -3.1919999999999997       -3.9805058806323635E-016
  -3.1680000000000001       -4.3052684214176465E-016
  -3.1440000000000001        3.4023850076846018E-016
  -3.1200000000000001       -8.3739219235912905E-016
  -3.0960000000000001        7.4794889815501444E-016
  -3.0720000000000001        4.0152677326025832E-016
  -3.0480000000000000       -2.0628441092572506E-015
  -3.0240000000000000       -7.1694721506700298E-015
  -3.0000000000000000       -2.1999773719821235E-014
  -2.9760000000000000       -7.5279149934520440E-014
  -2.9520000000000000       -2.4454524952935775E-013
  -2.9279999999999999       -7.6986698764421963E-013
  -2.9039999999999999       -2.3333092160446109E-012
  -2.8799999999999999       -6.8407974563644713E-012
  -2.8559999999999999       -1.9399022731214888E-011
  -2.8319999999999999       -5.3243846179346915E-011
  -2.8079999999999998       -1.4154728846732050E-010
  -2.7839999999999998       -3.6481981654388380E-010
  -2.7599999999999998       -9.1228223836685712E-010
  -2.7359999999999998       -2.2151356226364126E-009
  -2.7119999999999997       -5.2267352304578070E-009
  -2.6879999999999997       -1.1993611422947009E-008
  -2.6640000000000001       -2.6784456679197389E-008
  -2.6400000000000001       -5.8256752980684189E-008
  -2.6160000000000001       -1.2349524785766864E-007
  -2.5920000000000001       -2.5532737940697447E-007
  -2.5680000000000001       -5.1520842529556815E-007
  -2.5440000000000000       -1.0153007795215470E-006
  -2.5200000000000000       -1.9552976147676094E-006
  -2.4960000000000000       -3.6822220454135481E-006
  -2.4720000000000000       -6.7850167998847156E-006
  -2.4480000000000000       -1.2240324654577169E-005
  -2.4239999999999999       -2.1631443768187467E-005
  -2.3999999999999999       -3.7468856710564897E-005
  -2.3759999999999999       -6.3647574243489113E-005
  -2.3519999999999999       -1.0608309855362509E-004
  -2.3279999999999998       -1.7357303717001050E-004
  -2.3039999999999998       -2.7893386259206958E-004
  -2.2799999999999998       -4.4046026151322242E-004
  -2.2559999999999998       -6.8374598154726169E-004
  -2.2319999999999998       -1.0438880663572335E-003
  -2.2079999999999997       -1.5680691206379563E-003
  -2.1839999999999997       -2.3184735935682863E-003
  -2.1600000000000001       -3.3754438007067900E-003
  -2.1360000000000001       -4.8407206294747655E-003
  -2.1120000000000001       -6.8405453330464489E-003
  -2.0880000000000001       -9.5283270611332023E-003
  -2.0640000000000001       -1.3086512162128684E-002
  -2.0400000000000000       -1.7727233754716427E-002
  -2.0160000000000000       -2.3691282637675622E-002
  -1.9920000000000000       -3.1244932674008560E-002
  -1.9680000000000000       -4.0674184159923375E-002
  -1.9440000000000000       -5.2276064522375161E-002
  -1.9199999999999999       -6.6346751363918197E-002
  -1.8959999999999999       -8.3166458982722388E-002
  -1.8719999999999999      -0.10298125203946844     
  -1.8479999999999999      -0.12598220996950987     
  -1.8239999999999998      -0.15228264892653828     
  -1.7999999999999998      -0.18189439578337949     
  -1.7759999999999998      -0.21470437870707854     
  -1.7519999999999998      -0.25045302665233266     
  -1.7279999999999998      -0.28871613109753602     
  -1.7039999999999997      -0.32889189462860574     
  -1.6799999999999997      -0.37019485369312460     
  -1.6559999999999997      -0.41165820415945342     
  -1.6319999999999997      -0.45214577311370868     
  -1.6079999999999997      -0.49037447245428667     
  -1.5839999999999996      -0.52494755267147841     
  -1.5599999999999996      -0.55439837148932170     
  -1.5359999999999996      -0.57724373304700383     
  -1.5119999999999996      -0.59204517712473503     
  -1.4879999999999995      -0.59747594730985065     
  -1.4639999999999995      -0.59239078657868549     
  -1.4399999999999995      -0.57589524203531217     
  -1.4159999999999995      -0.54741084677493757     
  -1.3919999999999995      -0.50673241814325110     
  -1.3680000000000003      -0.45407379043049267     
  -1.3440000000000003      -0.39009859692749677     
  -1.3200000000000003      -0.31593322892225478     
  -1.2960000000000003      -0.23315981179505396     
  -1.2720000000000002      -0.14378792197711524     
  -1.2480000000000002       -5.0204782468681208E-002
  -1.2240000000000002        4.4895231582526611E-002
  -1.2000000000000002       0.13859982954380565     
  -1.1760000000000002       0.22788375920724127     
  -1.1520000000000001       0.30972547615226276     
  -1.1280000000000001       0.38123070874282150     
  -1.1040000000000001       0.43975749119576663     
  -1.0800000000000001       0.48303688127827166     
  -1.0560000000000000       0.50928350425248514     
  -1.0320000000000000       0.51729028532146615     
  -1.0080000000000000       0.50650224811648903     
 -0.98399999999999999       0.47706504995091881     
 -0.95999999999999996       0.42984496368367170     
 -0.93599999999999994       0.36641825535723893     
 -0.91199999999999992       0.28902928902592778     
 -0.88799999999999990       0.20051814940096932     
 -0.86399999999999988       0.10422003778820757     
 -0.83999999999999986        3.8400942506345371E-003
 -0.81599999999999984       -9.6691441992246968E-002
 -0.79199999999999982      -0.19337776648077748     
 -0.76799999999999979      -0.28232097466551620     
 -0.74399999999999977      -0.35988720348409414     
 -0.71999999999999975      -0.42286403645432080     
 -0.69599999999999973      -0.46860294859588991     
 -0.67199999999999971      -0.49514010090579441     
 -0.64799999999999969      -0.50128965175725526     
 -0.62399999999999967      -0.48670489853478976     
 -0.59999999999999964      -0.45190394678782658     
 -0.57599999999999962      -0.39825816391796698     
 -0.55199999999999960      -0.32794333859004426     
 -0.52799999999999958      -0.24385515867811244     
 -0.50399999999999956      -0.14949226061594845     
 -0.47999999999999954       -4.8811614262686563E-002
 -0.45599999999999952        5.3937681992738885E-002
 -0.43199999999999950       0.15439507411153827     
 -0.40799999999999947       0.24827583903183512     
 -0.38399999999999945       0.33155674961001158     
 -0.36000000000000032       0.40065187304588257     
 -0.33600000000000030       0.45257062371699530     
 -0.31200000000000028       0.48505091822312424     
 -0.28800000000000026       0.49666133760345771     
 -0.26400000000000023       0.48686754287994893     
 -0.24000000000000021       0.45605975572570301     
 -0.21600000000000019       0.40553983598352683     
 -0.19200000000000017       0.33746828441462734     
 -0.16800000000000015       0.25477329107260105     
 -0.14400000000000013       0.16102565563138699     
 -0.12000000000000011        6.0284948080407519E-002
  -9.6000000000000085E-002  -4.3076414077290917E-002
  -7.2000000000000064E-002 -0.14456348264212884     
  -4.8000000000000043E-002 -0.23975512785269126     
  -2.4000000000000021E-002 -0.32449775839841927     
   0.0000000000000000      -0.39508783809545783     
   2.4000000000000021E-002 -0.44843509617824578     
   4.8000000000000043E-002 -0.48219916286625769     
   7.2000000000000064E-002 -0.49489352325932429     
   9.6000000000000085E-002 -0.48595211907804364     
  0.12000000000000011      -0.45575557526114685     
  0.14400000000000013      -0.40561581341386893     
  0.16800000000000015      -0.33771965684806449     
  0.19200000000000017      -0.25503385016642555     
  0.21600000000000019      -0.16117562885115228     
  0.24000000000000021       -6.0254504723979550E-002
  0.26400000000000023        4.3307786760400618E-002
  0.28800000000000026       0.14497125863056670     
  0.31200000000000028       0.24027702291681852     
  0.33600000000000030       0.32504323445980687     
  0.36000000000000032       0.39554898770114783     
  0.38400000000000034       0.44869805334149665     
  0.40800000000000036       0.48215522786045650     
  0.43200000000000038       0.49444927456209936     
  0.45600000000000041       0.48503790657839935     
  0.48000000000000043       0.45433193495447777     
  0.50400000000000045       0.40367750456511370     
  0.52800000000000047       0.33529718764963545     
  0.55200000000000049       0.25219251766647532     
  0.57600000000000051       0.15801224500467934     
  0.60000000000000053        5.6892105995732585E-002
  0.62400000000000055       -4.6726848816963783E-002
  0.64800000000000058      -0.14829337722889191     
  0.67199999999999971      -0.24334603684882278     
  0.69599999999999973      -0.32770924953155034     
  0.71999999999999975      -0.39767681591065490     
  0.74399999999999977      -0.45017480968597484     
  0.76799999999999979      -0.48289668878776382     
  0.79199999999999982      -0.49440468291610107     
  0.81599999999999984      -0.48419300037099366     
  0.83999999999999986      -0.45271007623038900     
  0.86399999999999988      -0.40133888491275760     
  0.88799999999999990      -0.33233618376972279     
  0.91199999999999992      -0.24873335954383391     
  0.93599999999999994      -0.15420323696799348     
  0.95999999999999996       -5.2898704349131437E-002
  0.98399999999999999        5.0729751003052152E-002
   1.0080000000000000       0.15212957850963185     
   1.0320000000000000       0.24684617860277491     
   1.0560000000000000       0.33071860695129041     
   1.0800000000000001       0.40006237021593005     
   1.1040000000000001       0.45183128284990765     
   1.1280000000000001       0.48375127512022709     
   1.1520000000000001       0.49442027541418765     
   1.1760000000000002       0.48336978080817061     
   1.2000000000000002       0.45108541328738394     
   1.2240000000000002       0.39898556094808252     
   1.2480000000000002       0.32935904482824374     
   1.2720000000000002       0.24526455182208251     
   1.2960000000000003       0.15039625339647991     
   1.3200000000000003        4.8921514805936525E-002
   1.3440000000000003       -5.4702174998950734E-002
   1.3680000000000003      -0.15592301034996911     
   1.3920000000000003      -0.25029481138748938     
   1.4160000000000004      -0.33367231969259875     
   1.4400000000000004      -0.40239326921705565     
   1.4640000000000004      -0.45343923605303166     
   1.4880000000000004      -0.48456820308980125     
   1.5120000000000005      -0.49441301828605544     
   1.5360000000000005      -0.48254142354869167     
   1.5600000000000005      -0.44947501923756145     
   1.5840000000000005      -0.39666633296815845     
   1.6080000000000005      -0.32643500144652859     
   1.6320000000000006      -0.24186586973452451     
   1.6560000000000006      -0.14667348475612282     
   1.6799999999999997       -4.5038935580134325E-002
   1.7039999999999997        5.8573792743559679E-002
   1.7279999999999998       0.15961388556799541     
   1.7519999999999998       0.25364357385414887     
   1.7759999999999998       0.33653303982590721     
   1.7999999999999998       0.40464179324910965     
   1.8239999999999998       0.45497855295818501     
   1.8479999999999999       0.48533261248763920     
   1.8719999999999999       0.49437092120601395     
   1.8959999999999999       0.48169661818098386     
   1.9199999999999999       0.44786644899086503     
   1.9440000000000000       0.39436630148729918     
   1.9680000000000000       0.32354593580341107     
   1.9920000000000000       0.23851577591926260     
   2.0160000000000000       0.14301029614875274     
   2.0400000000000009        4.1224002838639286E-002
   2.0640000000000001       -6.2372785041877238E-002
   2.0880000000000010      -0.16323026573361671     
   2.1120000000000001      -0.25691897256890001     
   2.1360000000000010      -0.33932430450746470     
   2.1600000000000001      -0.40682722628658680     
   2.1840000000000011      -0.45646320266392532     
   2.2080000000000002      -0.48605238722851352     
   2.2319999999999993      -0.49429534874252945     
   2.2560000000000002      -0.48083013150647452     
   2.2799999999999994      -0.44624814434423848     
   2.3040000000000003      -0.39206818090720857     
   2.3279999999999994      -0.32066971269527950     
   2.3520000000000003      -0.23518838474133316     
   2.3759999999999994      -0.13937830376203134     
   2.4000000000000004       -3.7447166851825545E-002
   2.4239999999999995        6.6128528547854823E-002
   2.4480000000000004       0.16680007800782665     
   2.4719999999999995       0.26014633313517249     
   2.4960000000000004       0.34206786148399421     
   2.5199999999999996       0.40896697671829235     
   2.5440000000000005       0.45790573298032483     
   2.5679999999999996       0.48673494519397564     
   2.5920000000000005       0.49418856949417278     
   2.6159999999999997       0.47993929923809941     
   2.6400000000000006       0.44461293531365137     
   2.6639999999999997       0.38976089991626239     
   2.6880000000000006       0.31779210111018291     
   2.7119999999999997       0.23186714060298697     
   2.7360000000000007       0.13575951085045471     
   2.7599999999999998        3.3689877252427849E-002
   2.7840000000000007       -6.9859276860262207E-002
   2.8079999999999998      -0.17034050241499596     
   2.8320000000000007      -0.26334108907138659     
   2.8559999999999999      -0.34477685187282769     
   2.8800000000000008      -0.41107148989182218     
   2.9039999999999999      -0.45931364033199928     
   2.9280000000000008      -0.48738473109083613     
   2.9520000000000000      -0.49405201720513192     
   2.9760000000000009      -0.47902271557760656     
   3.0000000000000000      -0.44295686077184376     
   3.0240000000000009      -0.38743831744011847     
   3.0480000000000000      -0.31490522250611724     
   3.0720000000000010      -0.22854291186638245     
   3.0960000000000001      -0.13214403386004187     
   3.1200000000000010       -2.9941992737701314E-002
   3.1440000000000001        7.3574963442549990E-002
   3.1680000000000010       0.17386084608323005     
   3.1920000000000002       0.26651156463191517     
   3.2160000000000011       0.34745833331794568     
   3.2400000000000002       0.41314635257036414     
   3.2639999999999993       0.46069091832903669     
   3.2880000000000003       0.48800410373316366     
   3.3119999999999994       0.49388645000106629     
   3.3360000000000003       0.47807963994875552     
   3.3599999999999994       0.44127784105095225     
   3.3840000000000003       0.38509721998027041     
   3.4079999999999995       0.31200496746135936     
   3.4320000000000004       0.22521095037925912     
   3.4559999999999995       0.12852674930055485     
   3.4800000000000004        2.6198271828015176E-002
   3.5039999999999996       -7.7280707382645128E-002
   3.5280000000000005      -0.17736589152031543     
   3.5519999999999996      -0.26966202500716713     
   3.5760000000000005      -0.35011591154167998     
   3.5999999999999996      -0.41519441040912369     
   3.6240000000000006      -0.46203959436194680     
   3.6479999999999997      -0.48859425533083334     
   3.6720000000000006      -0.49369224640908987     
   3.6959999999999997      -0.47710969277306137     
   3.7200000000000006      -0.43957482264499365     
   3.7439999999999998      -0.38273598660646529     
   3.7680000000000007      -0.30908926972828216     
   3.7919999999999998      -0.22186887546155051     
   3.8160000000000007      -0.12490509510871428     
   3.8399999999999999       -2.2456100167421101E-002
   3.8640000000000008        8.0979055597257682E-002
   3.8879999999999999       0.18085801232829080     
   3.9120000000000008       0.27279458193847256     
   3.9359999999999999       0.35275136759070375     
   3.9600000000000009       0.41721706592015895     
   3.9840000000000000       0.46336066578382867     
   4.0080000000000009       0.48915577191538773     
   4.0320000000000000       0.49346959383068234     
   4.0560000000000009       0.47611269205570811     
   4.0800000000000001       0.43784729709124615     
   4.1040000000000010       0.38035383580540566     
   4.1280000000000001       0.30615713526399813     
   4.1520000000000010       0.21851554477101920     
   4.1760000000000002       0.12127784533473897     
   4.2000000000000011        1.8714230386117268E-002
   4.2240000000000002       -8.4671219766870601E-002
   4.2479999999999993      -0.18433833456695381     
   4.2720000000000002      -0.27591023468434139     
   4.2959999999999994      -0.35536554251427155     
   4.3200000000000003      -0.41921498078306835     
   4.3439999999999994      -0.46465460394853636     
   4.3680000000000003      -0.48968893325225393     
   4.3919999999999995      -0.49321858796258000     
   4.4160000000000004      -0.47508856449611325     
   4.4399999999999995      -0.43609504325226711     
   4.4640000000000004      -0.37795042424885611     
   4.4879999999999995      -0.30320812702594896     
   4.5120000000000005      -0.21515045723432888     
   4.5359999999999996      -0.11764446424806307     
   4.5600000000000005       -1.4972119811462993E-002
   4.5839999999999996        8.8357724580582858E-002
   4.6080000000000005       0.18780734368596860     
   4.6319999999999997       0.27900941247978533     
   4.6560000000000006       0.35795879697634730     
   4.6799999999999997       0.42118843942877315     
   4.7040000000000006       0.46592161392159320     
   4.7279999999999998       0.49019386606580423     
   4.7520000000000007       0.49293928182710717     
   4.7759999999999998       0.47403729700244168     
   4.8000000000000007       0.43431799171491053     
   4.8239999999999998       0.37552563742485989     
   4.8480000000000008       0.30024209729238827     
   4.8719999999999999       0.21177344376352489     
   4.8960000000000008       0.11400477256460684     
   4.9199999999999999        1.1229588941142682E-002
   4.9440000000000008       -9.2038741365370241E-002
   4.9680000000000000      -0.19126519628433319     
   4.9920000000000009      -0.28209225260435022     
   5.0160000000000000      -0.36053124629745670     
   5.0400000000000009      -0.42313753440547752     
   5.0640000000000001      -0.46716176626866179     
   5.0880000000000010      -0.49067062103378001     
   5.1120000000000001      -0.49263170926533129     
   5.1360000000000010      -0.47295891021462072     
   5.1600000000000001      -0.43251615376660996     
   5.1840000000000011      -0.37307948098340782     
   5.2080000000000002      -0.29725904935525638     
   5.2320000000000011      -0.20838450789484711     
   5.2560000000000002      -0.11035877582096081     
   5.2799999999999994       -7.4866461308799497E-003
   5.3040000000000003        9.5714259076232128E-002
   5.3279999999999994       0.19471187964195869     
   5.3520000000000003       0.28515874242962047     
   5.3759999999999994       0.36308288027286728     
   5.4000000000000004       0.42506226060158026     
   5.4239999999999995       0.46837506372651710     
   5.4480000000000004       0.49111921132462744     
   5.4719999999999995       0.49229589604240076     
   5.4960000000000004       0.47185344402263485     
   5.5199999999999996       0.43068958413675001     
   5.5440000000000005       0.37061202427090462     
   5.5679999999999996       0.29425906595654810     
   5.5920000000000005       0.20498374354882090     
   5.6159999999999997       0.10670657597259017     
   5.6400000000000006        3.7433974322375013E-003
   5.6639999999999997       -9.9384172113558669E-002
   5.6880000000000006      -0.19814729353787239     
   5.7119999999999997      -0.28820879215652562     
   5.7360000000000007      -0.36561362440644085     
   5.7599999999999998      -0.42696256326279169     
   5.7840000000000007      -0.46956147501437018     
   5.8079999999999998      -0.49153963192028521     
   5.8320000000000007      -0.49193186505792769     
   5.8559999999999999      -0.47072094962737260     
   5.8800000000000008      -0.42883836136575615     
   5.9039999999999999      -0.36812337085455998     
   5.9280000000000008      -0.29124227209068682     
   5.9520000000000000      -0.20157129239267282     
   5.9760000000000009      -0.10304832564451376     
