  -6.0000000000000000       -3.9999225732333862E-266
  -5.9760000000000000        2.9558413792532303E-263
  -5.9520000000000000        3.6449300985661176E-258
  -5.9279999999999999        5.3145070784007955E-254
  -5.9039999999999999       -2.7144584781758920E-250
  -5.8799999999999999        1.8656991255429350E-247
  -5.8559999999999999        5.4902643574819077E-243
  -5.8319999999999999       -2.3822070147869454E-238
  -5.8079999999999998        3.2873861520029751E-237
  -5.7839999999999998        2.9061841653123111E-232
  -5.7599999999999998        1.7969215896132082E-227
  -5.7359999999999998        1.2362035505819351E-223
  -5.7119999999999997        7.6066598967178490E-220
  -5.6879999999999997       -1.0571687790888358E-216
  -5.6639999999999997        1.2510464937318912E-212
  -5.6399999999999997       -2.4293870594304753E-209
  -5.6159999999999997        1.1661470390620224E-205
  -5.5919999999999996       -4.5689825498212362E-202
  -5.5679999999999996       -1.3937976325710609E-198
  -5.5439999999999996        4.8274159411707947E-195
  -5.5199999999999996        2.5884504961285350E-192
  -5.4960000000000004        1.2417967060128180E-188
  -5.4719999999999995       -1.6804831044073737E-184
  -5.4480000000000004        2.7082463628502903E-181
  -5.4239999999999995       -1.6617736059415088E-178
  -5.4000000000000004       -1.0468368447165170E-175
  -5.3760000000000003       -5.5589541285864682E-172
  -5.3520000000000003        1.6487899233458261E-168
  -5.3280000000000003       -8.2307965747007377E-166
  -5.3040000000000003        6.1921403953159323E-163
  -5.2800000000000002       -5.3004912170003277E-159
  -5.2560000000000002       -3.4237369855667731E-156
  -5.2320000000000002       -4.8675815569248287E-154
  -5.2080000000000002       -1.1179698538680988E-152
  -5.1840000000000002        8.2672881743299645E-147
  -5.1600000000000001       -7.0708319512742935E-144
  -5.1360000000000001        2.0668579054651895E-141
  -5.1120000000000001       -5.4130533857042832E-138
  -5.0880000000000001       -6.5448009124449236E-136
  -5.0640000000000001       -1.3739425713717923E-132
  -5.0400000000000000       -1.7051471916927934E-129
  -5.0160000000000000       -2.0574858857757898E-127
  -4.9920000000000000       -3.2351020324419101E-124
  -4.9680000000000000       -2.1661547055801479E-121
  -4.9440000000000000        4.0510079395320552E-120
  -4.9199999999999999       -1.4092502571745945E-116
  -4.8959999999999999       -2.7952813028268604E-113
  -4.8719999999999999        3.5670182406796832E-111
  -4.8479999999999999       -1.5880524156203379E-108
  -4.8239999999999998        1.7682041698605266E-106
  -4.7999999999999998       -3.1934883907881231E-103
  -4.7759999999999998       -8.9767762187958961E-101
  -4.7519999999999998        1.0671920919056974E-098
  -4.7279999999999998       -3.6069842693301690E-096
  -4.7039999999999997       -7.2034522843510185E-094
  -4.6799999999999997       -2.2007305864203936E-091
  -4.6559999999999997       -5.2625085583371828E-089
  -4.6319999999999997       -2.9304322327915485E-087
  -4.6079999999999997       -4.3378494832989159E-085
  -4.5839999999999996        1.5695208779000296E-082
  -4.5600000000000005        3.8707732708875029E-080
  -4.5359999999999996        5.2979940684627442E-078
  -4.5120000000000005        1.3063443677135543E-075
  -4.4879999999999995        1.5535118558732146E-074
  -4.4640000000000004       -1.1717523274945127E-071
  -4.4399999999999995       -5.9426041599833558E-070
  -4.4160000000000004       -7.9237820072983970E-068
  -4.3919999999999995       -3.3775021449039414E-065
  -4.3680000000000003       -8.8765426316851352E-064
  -4.3439999999999994       -1.0221225825330951E-061
  -4.3200000000000003       -1.2865974588871803E-059
  -4.2960000000000003        3.6524884495125403E-058
  -4.2720000000000002        5.0457965975008113E-056
  -4.2480000000000002       -1.5503710820062443E-054
  -4.2240000000000002       -1.0681305436637275E-052
  -4.2000000000000002        5.0301361083021026E-051
  -4.1760000000000002       -1.4127378593222412E-049
  -4.1520000000000001       -1.7010673511036868E-047
  -4.1280000000000001        1.5302855123309191E-046
  -4.1040000000000001       -1.7841766643153284E-044
  -4.0800000000000001        5.2902915113961730E-044
  -4.0560000000000000        3.3308722452693415E-041
  -4.0320000000000000        6.5715501841820396E-040
  -4.0080000000000000       -1.1922075101611543E-040
  -3.9840000000000000        3.5499586069968342E-037
  -3.9600000000000000       -3.0676136080714423E-036
  -3.9359999999999999       -1.3019622884783095E-034
  -3.9119999999999999       -5.9626995645355157E-033
  -3.8879999999999999        9.2544103919752343E-032
  -3.8639999999999999       -1.0060706743348652E-030
  -3.8399999999999999       -4.3377032362793759E-029
  -3.8159999999999998        3.7602203198130263E-028
  -3.7919999999999998        2.9866614731595622E-027
  -3.7679999999999998        4.3781732817895941E-026
  -3.7439999999999998        4.6003926031901151E-025
  -3.7199999999999998        4.0385839321291805E-024
  -3.6959999999999997       -3.0505091110995309E-025
  -3.6720000000000002        6.2140066346392686E-023
  -3.6480000000000001       -1.8506423022134931E-021
  -3.6240000000000001       -1.1882543621102472E-020
  -3.6000000000000001       -9.4017021903313075E-020
  -3.5760000000000001       -3.6780296561305944E-019
  -3.5520000000000000       -2.7957680329729564E-018
  -3.5280000000000000        2.7868026696712353E-018
  -3.5040000000000000       -5.9112703293133860E-019
  -3.4800000000000000        9.7850309307417654E-017
  -3.4560000000000000        1.2968116555959713E-016
  -3.4319999999999999       -1.5830972633373900E-017
  -3.4079999999999999        6.0815873116892012E-016
  -3.3839999999999999        7.5069536885596906E-016
  -3.3599999999999999        1.5834875041931374E-016
  -3.3359999999999999        8.2947755141080532E-016
  -3.3119999999999998        1.5046871316464716E-015
  -3.2879999999999998        1.3315534836804995E-016
  -3.2639999999999998        6.2523328098708243E-016
  -3.2399999999999998        7.8758974159122286E-016
  -3.2159999999999997       -6.0395122141292942E-016
  -3.1919999999999997        1.0552971521768937E-016
  -3.1680000000000001       -5.0304692585343383E-016
  -3.1440000000000001       -1.1724187989298069E-015
  -3.1200000000000001       -3.3224074361263078E-016
  -3.0960000000000001        3.1193655600588667E-016
  -3.0720000000000001       -2.0775006441689096E-015
  -3.0480000000000000       -2.4298140345521779E-015
  -3.0240000000000000       -8.5378974780782297E-015
  -3.0000000000000000       -3.2827800974197409E-014
  -2.9760000000000000       -1.1204212240021551E-013
  -2.9520000000000000       -3.6298749382042770E-013
  -2.9279999999999999       -1.1470151127215229E-012
  -2.9039999999999999       -3.4768538929634442E-012
  -2.8799999999999999       -1.0178350444491363E-011
  -2.8559999999999999       -2.8818936987286719E-011
  -2.8319999999999999       -7.8966364336347956E-011
  -2.8079999999999998       -2.0957711988869978E-010
  -2.7839999999999998       -5.3919988108337752E-010
  -2.7599999999999998       -1.3458581669789731E-009
  -2.7359999999999998       -3.2616477565938673E-009
  -2.7119999999999997       -7.6806801259624185E-009
  -2.6879999999999997       -1.7587998016969800E-008
  -2.6640000000000001       -3.9193153214943919E-008
  -2.6400000000000001       -8.5054414461380350E-008
  -2.6160000000000001       -1.7988089036325725E-007
  -2.5920000000000001       -3.7100179692189555E-007
  -2.5680000000000001       -7.4673007059810903E-007
  -2.5440000000000000       -1.4676894675948651E-006
  -2.5200000000000000       -2.8188128748353565E-006
  -2.4960000000000000       -5.2933517816961471E-006
  -2.4720000000000000       -9.7250281655667494E-006
  -2.4480000000000000       -1.7490488958510528E-005
  -2.4239999999999999       -3.0811410054294699E-005
  -2.3999999999999999       -5.3193613609778138E-005
  -2.3759999999999999       -9.0048743910774238E-005
  -2.3519999999999999       -1.4955130732620945E-004
  -2.3279999999999998       -2.4378866793481322E-004
  -2.3039999999999998       -3.9026189003079227E-004
  -2.2799999999999998       -6.1378875292011676E-004
  -2.2559999999999998       -9.4884427977678107E-004
  -2.2319999999999998       -1.4423462982332896E-003
  -2.2079999999999997       -2.1568520015770860E-003
  -2.1839999999999997       -3.1740753388151376E-003
  -2.1600000000000001       -4.5985649869729099E-003
  -2.1360000000000001       -6.5613012880040462E-003
  -2.1120000000000001       -9.2228828162138482E-003
  -2.0880000000000001       -1.2775886556068056E-002
  -2.0640000000000001       -1.7445909639714888E-002
  -2.0400000000000000       -2.3490746577123574E-002
  -2.0160000000000000       -3.1197136126742245E-002
  -1.9920000000000000       -4.0874538288317691E-002
  -1.9680000000000000       -5.2845484476088757E-002
  -1.9440000000000000       -6.7432189579513330E-002
  -1.9199999999999999       -8.4939325400101698E-002
  -1.8959999999999999      -0.10563312693679666     
  -1.8719999999999999      -0.12971732547028755     
  -1.8479999999999999      -0.15730675768689353     
  -1.8239999999999998      -0.18839986404055448     
  -1.7999999999999998      -0.22285163282102377     
  -1.7759999999999998      -0.26034883637378725     
  -1.7519999999999998      -0.30038960930189507     
  -1.7279999999999998      -0.34226950422192265     
  -1.7039999999999997      -0.38507610303886614     
  -1.6799999999999997      -0.42769404333108629     
  -1.6559999999999997      -0.46882193367906072     
  -1.6319999999999997      -0.50700208460824403     
  -1.6079999999999997      -0.54066329268267588     
  -1.5839999999999996      -0.56817611685896030     
  -1.5599999999999996      -0.58791922305661781     
  -1.5359999999999996      -0.59835449903430404     
  -1.5119999999999996      -0.59810781715873118     
  -1.4879999999999995      -0.58605160954847280     
  -1.4639999999999995      -0.56138487784806401     
  -1.4399999999999995      -0.52370594087341604     
  -1.4159999999999995      -0.47307316846015407     
  -1.3919999999999995      -0.41004918482464814     
  -1.3680000000000003      -0.33572455755296288     
  -1.3440000000000003      -0.25171780749770206     
  -1.3200000000000003      -0.16014964926454170     
  -1.2960000000000003       -6.3590651955855990E-002
  -1.2720000000000002        3.5017070327850203E-002
  -1.2480000000000002       0.13246204724018171     
  -1.2240000000000002       0.22538597213309022     
  -1.2000000000000002       0.31042166118297138     
  -1.1760000000000002       0.38434041466547969     
  -1.1520000000000001       0.44420187463679822     
  -1.1280000000000001       0.48749894476870909     
  -1.1040000000000001       0.51229019580482726     
  -1.0800000000000001       0.51731244891146011     
  -1.0560000000000000       0.50206691069270537     
  -1.0320000000000000       0.46687330548385975     
  -1.0080000000000000       0.41288786718560150     
 -0.98399999999999999       0.34208274774773811     
 -0.95999999999999996       0.25718628820496875     
 -0.93599999999999994       0.16158558350823252     
 -0.91199999999999992        5.9194749047643130E-002
 -0.88799999999999990       -4.5705842524967434E-002
 -0.86399999999999988      -0.14865244406558548     
 -0.83999999999999986      -0.24519469736790753     
 -0.81599999999999984      -0.33109710050929447     
 -0.79199999999999982      -0.40253551424579370     
 -0.76799999999999979      -0.45627903971091499     
 -0.74399999999999977      -0.48984809224984854     
 -0.71999999999999975      -0.50164046826824538     
 -0.69599999999999973      -0.49101861188214746     
 -0.67199999999999971      -0.45835307063956215     
 -0.64799999999999969      -0.40501919892486293     
 -0.62399999999999967      -0.33334642204081322     
 -0.59999999999999964      -0.24652170069941051     
 -0.57599999999999962      -0.14845111699058766     
 -0.55199999999999960       -4.3585622129214685E-002
 -0.52799999999999958        6.3281166183624157E-002
 -0.50399999999999956       0.16723374985741096     
 -0.47999999999999954       0.26346372121878781     
 -0.45599999999999952       0.34749599197215170     
 -0.43199999999999950       0.41540136157893764     
 -0.40799999999999947       0.46398505450095179     
 -0.38399999999999945       0.49094192175661139     
 -0.36000000000000032       0.49497053726777218     
 -0.33600000000000030       0.47584035081796427     
 -0.31200000000000028       0.43440829404641762     
 -0.28800000000000026       0.37258366497707573     
 -0.26400000000000023       0.29324262101959436     
 -0.24000000000000021       0.20009606669807001     
 -0.21600000000000019        9.7517008886728485E-002
 -0.19200000000000017       -9.6645447140918037E-003
 -0.16800000000000015      -0.11638944890449324     
 -0.14400000000000013      -0.21760919717666505     
 -0.12000000000000011      -0.30852613185623762     
  -9.6000000000000085E-002 -0.38482253633421687     
  -7.2000000000000064E-002 -0.44286754723573574     
  -4.8000000000000043E-002 -0.47989185460256972     
  -2.4000000000000021E-002 -0.49412168011799323     
   0.0000000000000000      -0.48486546397799074     
   2.4000000000000021E-002 -0.45254895641409004     
   4.8000000000000043E-002 -0.39869689021974214     
   7.2000000000000064E-002 -0.32586198537150524     
   9.6000000000000085E-002 -0.23750458067526287     
  0.12000000000000011      -0.13782857642939730     
  0.14400000000000013       -3.1581489998557546E-002
  0.16800000000000015        7.6171830260630471E-002
  0.19200000000000017       0.18029100305506718     
  0.21600000000000019       0.27580583223465532     
  0.24000000000000021       0.35815414981336829     
  0.26400000000000023       0.42340035495887912     
  0.28800000000000026       0.46842413777764852     
  0.31200000000000028       0.49107030195030960     
  0.33600000000000030       0.49025246413315610     
  0.36000000000000032       0.46600562057837447     
  0.38400000000000034       0.41948502590269454     
  0.40800000000000036       0.35291140701950663     
  0.43200000000000038       0.26946511274129475     
  0.45600000000000041       0.17313425238214472     
  0.48000000000000043        6.8524086867839173E-002
  0.50400000000000045       -3.9363202815442012E-002
  0.52800000000000047      -0.14536782188659397     
  0.55200000000000049      -0.24441927812063208     
  0.57600000000000051      -0.33177907726209882     
  0.60000000000000053      -0.40326756777267381     
  0.62400000000000055      -0.45546406431732583     
  0.64800000000000058      -0.48587065975842064     
  0.67199999999999971      -0.49303187544726662     
  0.69599999999999973      -0.47660441570149009     
  0.71999999999999975      -0.43737368298169943     
  0.74399999999999977      -0.37721626077918419     
  0.76799999999999979      -0.29901015934605429     
  0.79199999999999982      -0.20649712114342220     
  0.81599999999999984      -0.10410357844889409     
  0.83999999999999986        3.2711649291161174E-003
  0.86399999999999988       0.11048938714172672     
  0.88799999999999990       0.21242081333733243     
  0.91199999999999992       0.30418812312314319     
  0.93599999999999994       0.38140034935130313     
  0.95999999999999996       0.44036299765937104     
  0.98399999999999999       0.47825483132643470     
   1.0080000000000000       0.49326286226446958     
   1.0320000000000000       0.48466908986903412     
   1.0560000000000000       0.45288483918074485     
   1.0800000000000001       0.39943105778407495     
   1.1040000000000001       0.32686551705706324     
   1.1280000000000001       0.23866040403135380     
   1.1520000000000001       0.13903616367594340     
   1.1760000000000002        3.2759544344487100E-002
   1.2000000000000002       -7.5084488667876939E-002
   1.2240000000000002      -0.17933605689108936     
   1.2480000000000002      -0.27500724789245934     
   1.2720000000000002      -0.35752075779018322     
   1.2960000000000003      -0.42292887978406540     
   1.3200000000000003      -0.46810236245867282     
   1.3440000000000003      -0.49088010376114877     
   1.3680000000000003      -0.49017252077628121     
   1.3920000000000003      -0.46601365202123163     
   1.4160000000000004      -0.41955950190106767     
   1.4400000000000004      -0.35303270884958077     
   1.4640000000000004      -0.26961618649438773     
   1.4880000000000004      -0.17330082810281411     
   1.5120000000000005       -6.8694561836199430E-002
   1.5360000000000005        3.9198107120775219E-002
   1.5600000000000005       0.14521552008187028     
   1.5840000000000005       0.24428579976685036     
   1.6080000000000005       0.33166948349906455     
   1.6320000000000006       0.40318624786071217     
   1.6560000000000006       0.45541487943449299     
   1.6799999999999997       0.48585692646827511     
   1.7039999999999997       0.49305620399391381     
   1.7279999999999998       0.47666843697337408     
   1.7519999999999998       0.43747771139524305     
   1.7759999999999998       0.37735894779482954     
   1.7999999999999998       0.29918819370425781     
   1.8239999999999998       0.20670502755025735     
   1.8479999999999999       0.10433365712116138     
   1.8719999999999999       -3.0287286357288407E-003
   1.8959999999999999      -0.11024622953750267     
   1.9199999999999999      -0.21218991902558892     
   1.9440000000000000      -0.30398319142666402     
   1.9680000000000000      -0.38123503549992666     
   1.9920000000000000      -0.44025007594869353     
   2.0160000000000000      -0.47820533608664761     
   2.0400000000000009      -0.49328526690237889     
   2.0640000000000001      -0.48476858419776131     
   2.0880000000000010      -0.45306276078438151     
   2.1120000000000001      -0.39968452463380527     
   2.1360000000000010      -0.32718729662163520     
   2.1600000000000001      -0.23903903954332070     
   2.1840000000000011      -0.13945636201357298     
   2.2080000000000002       -3.3202813240577382E-002
   2.2319999999999993        7.4638982586426678E-002
   2.2560000000000002       0.17891045235957023     
   2.2799999999999994       0.27462383081895059     
   2.3040000000000003       0.35720074475739083     
   2.3279999999999994       0.42269121245800528     
   2.3520000000000003       0.46796258308745664     
   2.3759999999999994       0.49084937874169260     
   2.4000000000000004       0.49025687207316204     
   2.4239999999999995       0.46621344545709342     
   2.4480000000000004       0.41986922762250967     
   2.4719999999999995       0.35344107339178676     
   2.4960000000000004       0.27010651872556973     
   2.5199999999999996       0.17385178389427663     
   2.5440000000000005        6.9281095555558614E-002
   2.5679999999999996       -3.8603551322097161E-002
   2.5920000000000005      -0.14464165687866118     
   2.6159999999999997      -0.24376106035820094     
   2.6400000000000006      -0.33122055739416806     
   2.6639999999999997      -0.40283668554922392     
   2.6880000000000006      -0.45518383041908023     
   2.7119999999999997      -0.48575808081867650     
   2.7360000000000007      -0.49309699559485898     
   2.7599999999999998      -0.47684955350776231     
   2.7840000000000007      -0.43779294051857010     
   2.8079999999999998      -0.37779537173382044     
   2.8320000000000007      -0.29972672655272203     
   2.8559999999999999      -0.20732127177542553     
   2.8800000000000008      -0.10499903915836112     
   2.9039999999999999        2.3455984689702198E-003
   2.9280000000000008       0.10957803947555940     
   2.9520000000000000       0.21156905583861005     
   2.9760000000000009       0.30344013788235996     
   3.0000000000000000       0.38079684590332752     
   3.0240000000000009       0.43993900693727483     
   3.0480000000000000       0.47803770250956867     
   3.0720000000000010       0.49327058170524352     
   3.0960000000000001       0.48490902731548657     
   3.1200000000000010       0.45335300581289878     
   3.1440000000000001       0.40011193432047820     
   3.1680000000000010       0.32773247987330306     
   3.1920000000000002       0.23967674461789884     
   3.2160000000000011       0.14015666373847974     
   3.2400000000000002        3.3932537329688477E-002
   3.2639999999999993       -7.3914667028076045E-002
   3.2880000000000003      -0.17822634964879952     
   3.3119999999999994      -0.27401302710758724     
   3.3360000000000003      -0.35669299104683000     
   3.3599999999999994      -0.42231146183780494     
   3.3840000000000003      -0.46772975450778920     
   3.4079999999999995      -0.49077540873985182     
   3.4320000000000004      -0.49034610194128903     
   3.4559999999999995      -0.46646237504514204     
   3.4800000000000004      -0.42026664911571243     
   3.5039999999999996      -0.35396857986115221     
   3.5280000000000005      -0.27073936393114612     
   3.5519999999999996      -0.17456005262208940     
   3.5760000000000005       -7.0031128531685680E-002
   3.5999999999999996        3.7847546426117928E-002
   3.6240000000000006       0.14391588604311828     
   3.6479999999999997       0.24310039854460791     
   3.6720000000000006       0.33065686313197246     
   3.6959999999999997       0.40239725659045350     
   3.7200000000000006       0.45489007557696626     
   3.7439999999999998       0.48562447275450060     
   3.7680000000000007       0.49313035580982495     
   3.7919999999999998       0.47704870478770445     
   3.8160000000000007       0.43814874434443984     
   3.8399999999999999       0.37829114956938081     
   3.8640000000000008       0.30033904535395461     
   3.8879999999999999       0.20802105643301844     
   3.9120000000000008       0.10575295873955984     
   3.9359999999999999       -1.5735371027402148E-003
   3.9600000000000009      -0.10882476718959665     
   3.9840000000000000      -0.21087066880149169     
   4.0080000000000009      -0.30283016251922490     
   4.0320000000000000      -0.38030462483482524     
   4.0560000000000009      -0.43958828376598341     
   4.0800000000000001      -0.47784547380959158     
   4.1040000000000010      -0.49324627176311786     
   4.1280000000000001      -0.48505402567792949     
   4.1520000000000010      -0.45366059026532213     
   4.1760000000000002      -0.40056758338911491     
   4.2000000000000011      -0.32831456020546013     
   4.2240000000000002      -0.24035754055168301     
   4.2479999999999993      -0.14090369989408405     
   4.2720000000000002       -3.4710130932539149E-002
   4.2959999999999994        7.3143698466388143E-002
   4.3200000000000003       0.17749890717881772     
   4.3439999999999994       0.27336396118611767     
   4.3680000000000003       0.35615342931673633     
   4.3919999999999995       0.42190731417464972     
   4.4160000000000004       0.46748046719474284     
   4.4399999999999995       0.49069302770761219     
   4.4640000000000004       0.49043469020251262     
   4.4879999999999995       0.46671781247361993     
   4.5120000000000005       0.42067682438450499     
   4.5359999999999996       0.35451396554101267     
   4.5600000000000005       0.27139394736423961     
   4.5839999999999996       0.17529257810850057     
   4.6080000000000005        7.0806591417540060E-002
   4.6319999999999997       -3.7066225272520521E-002
   4.6560000000000006      -0.14316608555569907     
   4.6799999999999997      -0.24241800760407475     
   4.7040000000000006      -0.33007456130496410     
   4.7279999999999998      -0.40194294787985085     
   4.7520000000000007      -0.45458555028954911     
   4.7759999999999998      -0.48548436167985898     
   4.8000000000000007      -0.49316142691254333     
   4.8239999999999998      -0.47724953621427485     
   4.8480000000000008      -0.43850978952260561     
   4.8719999999999999      -0.37879519139489076     
   4.8960000000000008      -0.30096201781771870     
   4.9199999999999999      -0.20873319443406668     
   4.9440000000000008      -0.10652022109968978     
   4.9680000000000000        7.8783950420450500E-004
   4.9920000000000009       0.10805821608041209     
   5.0160000000000000       0.21015994000647034     
   5.0400000000000009       0.30220927038417145     
   5.0640000000000001       0.37980329365145699     
   5.0880000000000010       0.43923052419678787     
   5.1120000000000001       0.47764843250728323     
   5.1360000000000010       0.49321940930825192     
   5.1600000000000001       0.48519866224609748     
   5.1840000000000011       0.45396984083441566     
   5.2080000000000002       0.40102668565025706     
   5.2320000000000011       0.32890157954103633     
   5.2560000000000002       0.24104441839080409     
   5.2799999999999994       0.14165759531405639     
   5.3040000000000003        3.5494991331859072E-002
   5.3279999999999994       -7.2365412770001372E-002
   5.3520000000000003      -0.17676442694732369     
   5.3759999999999994      -0.27270842680475837     
   5.4000000000000004      -0.35560820914198993     
   5.4239999999999995      -0.42149850317703319     
   5.4480000000000004      -0.46722763776481130     
   5.4719999999999995      -0.49060829243104059     
   5.4960000000000004      -0.49052212148445551     
   5.5199999999999996      -0.46697324681812746     
   5.5440000000000005      -0.42108806072859650     
   5.5679999999999996      -0.35506134818602797     
   5.5920000000000005      -0.27205130564183450     
   5.6159999999999997      -0.17602847784583678     
   5.6400000000000006       -7.1585838343079217E-002
   5.6639999999999997        3.6280902100522712E-002
   5.6880000000000006       0.14241225083429240     
   5.7119999999999997       0.24173172268534421     
   5.7360000000000007       0.32948865889475099     
   5.7599999999999998       0.40148546108856270     
   5.7840000000000007       0.45427837120678050     
   5.8079999999999998       0.48534219366587766     
   5.8320000000000007       0.49319108074923490     
   5.8559999999999999       0.47744960380789470     
   5.8800000000000008       0.43887071078800644     
   5.9039999999999999       0.37929971113970173     
   5.9280000000000008       0.30158601078560843     
   5.9520000000000000       0.20944681905122925     
   5.9760000000000009       0.10728934674110778     
