  -6.0000000000000000       -7.7504239288382809E-267
  -5.9760000000000000       -4.8196580880407755E-262
  -5.9520000000000000       -5.1075167651290227E-258
  -5.9279999999999999       -5.8445310149923355E-254
  -5.9039999999999999       -3.3349073140956231E-250
  -5.8799999999999999        4.5665519967362070E-247
  -5.8559999999999999       -4.4586989630090775E-243
  -5.8319999999999999        8.9581060208173432E-239
  -5.8079999999999998       -2.2062546487202281E-235
  -5.7839999999999998       -3.5928668804333866E-231
  -5.7599999999999998       -2.2029920681320863E-227
  -5.7359999999999998       -1.1825082205428695E-223
  -5.7119999999999997       -3.6383688430405658E-220
  -5.6879999999999997       -2.5498705896882025E-217
  -5.6639999999999997       -1.0139793924439074E-212
  -5.6399999999999997       -2.7106795365370667E-210
  -5.6159999999999997       -3.3005014528652945E-206
  -5.5919999999999996        1.0990560130871627E-202
  -5.5679999999999996       -2.7776874906754537E-199
  -5.5439999999999996       -5.1770675722734277E-195
  -5.5199999999999996       -1.3394492214303363E-191
  -5.4960000000000004        7.3715558883329180E-190
  -5.4719999999999995        1.1712565970894037E-185
  -5.4480000000000004       -1.2993154043713514E-181
  -5.4239999999999995       -2.6929420747610902E-179
  -5.4000000000000004        8.3095260017961159E-176
  -5.3760000000000003       -1.3239777238144346E-172
  -5.3520000000000003       -1.1966156570701637E-168
  -5.3280000000000003       -6.1711793097501242E-166
  -5.3040000000000003       -2.5393747647402562E-162
  -5.2800000000000002        2.5707460246181287E-159
  -5.2560000000000002       -6.8240898909527971E-157
  -5.2320000000000002       -1.4126436594043918E-153
  -5.2080000000000002        1.8511773368395457E-151
  -5.1840000000000002       -5.7544712704393958E-147
  -5.1600000000000001        3.9656316364916382E-144
  -5.1360000000000001       -7.0267896084459280E-142
  -5.1120000000000001       -5.2450635883244372E-141
  -5.0880000000000001       -5.5674518429265508E-136
  -5.0640000000000001       -6.7038292442252656E-133
  -5.0400000000000000       -9.6806109688981139E-130
  -5.0160000000000000       -8.1468531394806527E-128
  -4.9920000000000000        3.3925598436663454E-124
  -4.9680000000000000       -4.7154720158725961E-122
  -4.9440000000000000       -1.5059760037732796E-119
  -4.9199999999999999        1.0795846101427968E-116
  -4.8959999999999999       -8.2743132640376845E-114
  -4.8719999999999999       -2.3139215952619109E-111
  -4.8479999999999999       -1.4604289259668114E-108
  -4.8239999999999998       -9.3741973967602998E-106
  -4.7999999999999998        9.3150071524581121E-104
  -4.7759999999999998        6.8555515218318572E-102
  -4.7519999999999998       -1.5663354721191659E-098
  -4.7279999999999998        3.0437939721983860E-096
  -4.7039999999999997        9.7467298833137999E-095
  -4.6799999999999997       -1.0972502507561984E-091
  -4.6559999999999997       -8.5741178629453474E-090
  -4.6319999999999997        9.3993645550916393E-088
  -4.6079999999999997       -5.4836391549314685E-085
  -4.5839999999999996       -2.9703214690088298E-082
  -4.5600000000000005       -2.9203077659147671E-080
  -4.5359999999999996       -7.4596461433478374E-078
  -4.5120000000000005       -1.3301643316902826E-075
  -4.4879999999999995       -2.4971509387461678E-074
  -4.4640000000000004        8.5484234937772870E-072
  -4.4399999999999995       -1.1325676660062844E-069
  -4.4160000000000004        1.2207312830797432E-068
  -4.3919999999999995        7.5666315777203334E-066
  -4.3680000000000003       -6.0502360142584180E-064
  -4.3439999999999994       -1.9908928328899273E-062
  -4.3200000000000003       -1.3696738081153720E-060
  -4.2960000000000003       -5.1408886586456078E-058
  -4.2720000000000002       -2.1167023558260108E-056
  -4.2480000000000002       -9.7478308716502268E-055
  -4.2240000000000002       -2.1405382855354064E-053
  -4.2000000000000002       -4.1408179774293274E-051
  -4.1760000000000002        4.5277040048448340E-051
  -4.1520000000000001        6.1608053970110189E-049
  -4.1280000000000001       -3.2947341660032237E-046
  -4.1040000000000001       -6.9055855280179056E-045
  -4.0800000000000001       -3.4356237306232684E-043
  -4.0560000000000000       -2.5515515846155064E-041
  -4.0320000000000000       -8.6728456585585754E-041
  -4.0080000000000000       -5.2297046288205576E-039
  -3.9840000000000000       -1.8743514727851460E-037
  -3.9600000000000000       -9.5139465357261029E-036
  -3.9359999999999999       -1.0782181612349242E-034
  -3.9119999999999999       -7.0894189182083383E-034
  -3.8879999999999999       -4.7919993572422941E-032
  -3.8639999999999999        2.5946789733918673E-031
  -3.8399999999999999       -1.1914176815922311E-029
  -3.8159999999999998       -3.2582251932981814E-028
  -3.7919999999999998       -4.9446246234572135E-027
  -3.7679999999999998       -2.9501511273272737E-026
  -3.7439999999999998       -8.6420066695161774E-025
  -3.7199999999999998        2.7251432914206020E-025
  -3.6959999999999997       -5.2442699963684756E-024
  -3.6720000000000002       -5.3298642609751290E-022
  -3.6480000000000001       -2.3856923131604892E-021
  -3.6240000000000001       -1.9895458512216101E-020
  -3.6000000000000001       -1.4652042952806170E-019
  -3.5760000000000001       -6.1790880842768077E-019
  -3.5520000000000000        4.2988406716226882E-019
  -3.5280000000000000       -4.3790751980225114E-018
  -3.5040000000000000       -3.1156111476441427E-017
  -3.4800000000000000       -1.1948609236536130E-016
  -3.4560000000000000       -4.0881101515168118E-016
  -3.4319999999999999       -3.3160853085206759E-016
  -3.4079999999999999       -4.2357672236509445E-016
  -3.3839999999999999       -5.5432368686257340E-016
  -3.3599999999999999       -2.7743304157838850E-016
  -3.3359999999999999       -1.1956872725669849E-015
  -3.3119999999999998        2.9487523149261426E-016
  -3.2879999999999998       -1.8820887119846444E-016
  -3.2639999999999998        1.4159446328229362E-015
  -3.2399999999999998        7.5478521838770011E-016
  -3.2159999999999997       -9.5115116858204113E-016
  -3.1919999999999997       -6.6977598195945490E-016
  -3.1680000000000001        4.2832354686205221E-016
  -3.1440000000000001       -1.0995924189991333E-015
  -3.1200000000000001        2.0505260125455382E-016
  -3.0960000000000001        3.4130782173880131E-016
  -3.0720000000000001       -4.4414523574187171E-016
  -3.0480000000000000        5.0551658339200733E-017
  -3.0240000000000000        1.3551810267259380E-015
  -3.0000000000000000        1.6413672191205315E-015
  -2.9760000000000000        7.3676356648062699E-015
  -2.9520000000000000        1.9207119062635164E-014
  -2.9279999999999999        6.1974027093084691E-014
  -2.9039999999999999        1.8869917779594297E-013
  -2.8799999999999999        5.6057716121325755E-013
  -2.8559999999999999        1.5984609087848366E-012
  -2.8319999999999999        4.4246288463217734E-012
  -2.8079999999999998        1.1863044558245691E-011
  -2.7839999999999998        3.0856162201198661E-011
  -2.7599999999999998        7.7893573128875815E-011
  -2.7359999999999998        1.9100714293017281E-010
  -2.7119999999999997        4.5533743450124059E-010
  -2.6879999999999997        1.0560419478325267E-009
  -2.6640000000000001        2.3846736357197488E-009
  -2.6400000000000001        5.2468353244619279E-009
  -2.6160000000000001        1.1256495085234948E-008
  -2.5920000000000001        2.3564333468617754E-008
  -2.5680000000000001        4.8167662077503074E-008
  -2.5440000000000000        9.6205329969123571E-008
  -2.5200000000000000        1.8787693210140467E-007
  -2.4960000000000000        3.5897054618098073E-007
  -2.4720000000000000        6.7147242566645386E-007
  -2.4480000000000000        1.2304025342174552E-006
  -2.4239999999999999        2.2099084649150230E-006
  -2.3999999999999999        3.8927856799204754E-006
  -2.3759999999999999        6.7289876663456159E-006
  -2.3519999999999999        1.1420332051382686E-005
  -2.3279999999999998        1.9040446471284691E-005
  -2.3039999999999998        3.1200930056265346E-005
  -2.2799999999999998        5.0276570928467315E-005
  -2.2559999999999998        7.9704031416114970E-005
  -2.2319999999999998        1.2436939843298787E-004
  -2.2079999999999997        1.9110005034220155E-004
  -2.1839999999999997        2.8927503036280816E-004
  -2.1600000000000001        4.3156515196304194E-004
  -2.1360000000000001        6.3480904010696773E-004
  -2.1120000000000001        9.2102396324255395E-004
  -2.0880000000000001        1.3185404992822427E-003
  -2.0640000000000001        1.8632378552755399E-003
  -2.0400000000000000        2.5998423052487549E-003
  -2.0160000000000000        3.5832352632121189E-003
  -1.9920000000000000        4.8797007767779161E-003
  -1.9680000000000000        6.5680257753320528E-003
  -1.9440000000000000        8.7403515123640665E-003
  -1.9199999999999999        1.1502662729162689E-002
  -1.8959999999999999        1.4974793615523395E-002
  -1.8719999999999999        1.9289828075931253E-002
  -1.8479999999999999        2.4592777375106321E-002
  -1.8239999999999998        3.1038431883305719E-002
  -1.7999999999999998        3.8788305910295431E-002
  -1.7759999999999998        4.8006625543062550E-002
  -1.7519999999999998        5.8855348458961017E-002
  -1.7279999999999998        7.1488250751944843E-002
  -1.7039999999999997        8.6044167187470211E-002
  -1.6799999999999997       0.10263952577222232     
  -1.6559999999999997       0.12136037244554956     
  -1.6319999999999997       0.14225413413446666     
  -1.6079999999999997       0.16532141529482727     
  -1.5839999999999996       0.19050816135979659     
  -1.5599999999999996       0.21769854942868555     
  -1.5359999999999996       0.24670897964639979     
  -1.5119999999999996       0.27728353819170914     
  -1.4879999999999995       0.30909128343943060     
  -1.4639999999999995       0.34172567029105338     
  -1.4399999999999995       0.37470637431086001     
  -1.4159999999999995       0.40748370842569925     
  -1.3919999999999995       0.43944574260885533     
  -1.3680000000000003       0.46992814395189586     
  -1.3440000000000003       0.49822665421619450     
  -1.3200000000000003       0.52361201818371628     
  -1.2960000000000003       0.54534707301823726     
  -1.2720000000000002       0.56270561062841684     
  -1.2480000000000002       0.57499253583641130     
  -1.2240000000000002       0.58156476687815328     
  -1.2000000000000002       0.58185226484071140     
  -1.1760000000000002       0.57537853794650484     
  -1.1520000000000001       0.56177994729199532     
  -1.1280000000000001       0.54082314412195076     
  -1.1040000000000001       0.51241999550674922     
  -1.0800000000000001       0.47663940506562574     
  -1.0560000000000000       0.43371550696901306     
  -1.0320000000000000       0.38405180288294871     
  -1.0080000000000000       0.32822092008715609     
 -0.98399999999999999       0.26695979138098064     
 -0.95999999999999996       0.20116018976255443     
 -0.93599999999999994       0.13185468903707664     
 -0.91199999999999992        6.0198261074373434E-002
 -0.88799999999999990       -1.2554143075660619E-002
 -0.86399999999999988       -8.5073551973772657E-002
 -0.83999999999999986      -0.15598587884095255     
 -0.81599999999999984      -0.22390307721857386     
 -0.79199999999999982      -0.28745576831345410     
 -0.76799999999999979      -0.34532649928270975     
 -0.74399999999999977      -0.39628275342665054     
 -0.71999999999999975      -0.43920881986258242     
 -0.69599999999999973      -0.47313564235679495     
 -0.67199999999999971      -0.49726780444394769     
 -0.64799999999999969      -0.51100686986121568     
 -0.62399999999999967      -0.51397038205425527     
 -0.59999999999999964      -0.50600593179727071     
 -0.57599999999999962      -0.48719982494707037     
 -0.55199999999999960      -0.45788001965649411     
 -0.52799999999999958      -0.41861315024111118     
 -0.50399999999999956      -0.37019560926885947     
 -0.47999999999999954      -0.31363881609331778     
 -0.45599999999999952      -0.25014895468945481     
 -0.43199999999999950      -0.18110161204937547     
 -0.40799999999999947      -0.10801188650450175     
 -0.38399999999999945       -3.2500659396280919E-002
 -0.36000000000000032        4.3742169858618250E-002
 -0.33600000000000030       0.11899659897430762     
 -0.31200000000000028       0.19155263833957872     
 -0.28800000000000026       0.25975063780142943     
 -0.26400000000000023       0.32202082195026616     
 -0.24000000000000021       0.37692104346684202     
 -0.21600000000000019       0.42317180205212096     
 -0.19200000000000017       0.45968763913459593     
 -0.16800000000000015       0.48560410433517553     
 -0.14400000000000013       0.50029959636419474     
 -0.12000000000000011       0.50341150588185790     
  -9.6000000000000085E-002  0.49484622765779412     
  -7.2000000000000064E-002  0.47478276052093643     
  -4.8000000000000043E-002  0.44366977221646259     
  -2.4000000000000021E-002  0.40221616831892609     
   0.0000000000000000       0.35137536565350475     
   2.4000000000000021E-002  0.29232362714797083     
   4.8000000000000043E-002  0.22643296271643820     
   7.2000000000000064E-002  0.15523923594507391     
   9.6000000000000085E-002   8.0406235631030124E-002
  0.12000000000000011        3.6865716617491334E-003
  0.14400000000000013       -7.3119666150264148E-002
  0.16800000000000015      -0.14820749175321501     
  0.19200000000000017      -0.21980982316529346     
  0.21600000000000019      -0.28623946736897071     
  0.24000000000000021      -0.34592927690620656     
  0.26400000000000023      -0.39746950917979840     
  0.28800000000000026      -0.43964148692454869     
  0.31200000000000028      -0.47144674760514726     
  0.33600000000000030      -0.49213097837101033     
  0.36000000000000032      -0.50120215893733278     
  0.38400000000000034      -0.49844247426188598     
  0.40800000000000036      -0.48391370873296818     
  0.43200000000000038      -0.45795599013154908     
  0.45600000000000041      -0.42117991109796554     
  0.48000000000000043      -0.37445221438821846     
  0.50400000000000045      -0.31887538205711202     
  0.52800000000000047      -0.25576161419450300     
  0.55200000000000049      -0.18660181652054297     
  0.57600000000000051      -0.11303033486391134     
  0.60000000000000053       -3.6786275516370127E-002
  0.62400000000000055        4.0327668680456619E-002
  0.64800000000000058       0.11648790778091674     
  0.67199999999999971       0.18989314543552865     
  0.69599999999999973       0.25880704515969494     
  0.71999999999999975       0.32159935944196399     
  0.74399999999999977       0.37678454593940724     
  0.76799999999999979       0.42305695509340840     
  0.79199999999999982       0.45932175524218294     
  0.81599999999999984       0.48472086274641568     
  0.83999999999999986       0.49865326336109694     
  0.86399999999999988       0.50078924425556604     
  0.88799999999999990       0.49107820054371254     
  0.91199999999999992       0.46974983251388575     
  0.93599999999999994       0.43730870633738461     
  0.95999999999999996       0.39452230818307876     
  0.98399999999999999       0.34240287566089883     
   1.0080000000000000       0.28218343772253535     
   1.0320000000000000       0.21528863109103216     
   1.0560000000000000       0.14330098474217007     
   1.0800000000000001        6.7923471011025860E-002
   1.1040000000000001       -9.0607899745655529E-003
   1.1280000000000001       -8.5830718699175190E-002
   1.1520000000000001      -0.16057035910915232     
   1.1760000000000002      -0.23151183656913144     
   1.2000000000000002      -0.29697717474967006     
   1.2240000000000002      -0.35541798245258399     
   1.2480000000000002      -0.40545207193535521     
   1.2720000000000002      -0.44589614302247166     
   1.2960000000000003      -0.47579376046585820     
   1.3200000000000003      -0.49443796343277191     
   1.3440000000000003      -0.50138797302151905     
   1.3680000000000003      -0.49647960332874241     
   1.3920000000000003      -0.47982913051587961     
   1.4160000000000004      -0.45183052902658388     
   1.4400000000000004      -0.41314614093499780     
   1.4640000000000004      -0.36469099965118801     
   1.4880000000000004      -0.30761117920708569     
   1.5120000000000005      -0.24325668154977415     
   1.5360000000000005      -0.17314950334448581     
   1.5600000000000005       -9.8947637687849713E-002
   1.5840000000000005       -2.2405862163676977E-002
   1.6080000000000005        5.4665759428905988E-002
   1.6320000000000006       0.13044468037301454     
   1.6560000000000006       0.20313896728230935     
   1.6799999999999997       0.27102967037598957     
   1.7039999999999997       0.33251146609164667     
   1.7279999999999998       0.38613061125704989     
   1.7519999999999998       0.43061931165821510     
   1.7759999999999998       0.46492569265902334     
   1.7999999999999998       0.48823866354070122     
   1.8239999999999998       0.50000708797911253     
   1.8479999999999999       0.49995280770861811     
   1.8719999999999999       0.48807721175121693     
   1.8959999999999999       0.46466119618294999     
   1.9199999999999999       0.43025851565987283     
   1.9440000000000000       0.38568268413971352     
   1.9680000000000000       0.33198773472089954     
   1.9920000000000000       0.27044329367388081     
   2.0160000000000000       0.20250455813027188     
   2.0400000000000009       0.12977788734720988     
   2.0640000000000001        5.3982821131074221E-002
   2.0880000000000010       -2.3088576563468095E-002
   2.1120000000000001       -9.9614087641085980E-002
   2.1360000000000010      -0.17378442178326448     
   2.1600000000000001      -0.24384599177916799     
   2.1840000000000011      -0.30814237104954989     
   2.2080000000000002      -0.36515345332236832     
   2.2319999999999993      -0.41353138876365853     
   2.2560000000000002      -0.45213244709219130     
   2.2799999999999994      -0.48004405450983462     
   2.3040000000000003      -0.49660636538441200     
   2.3279999999999994      -0.50142785883053764     
   2.3520000000000003      -0.49439459159232396     
   2.3759999999999994      -0.47567288860028084     
   2.4000000000000004      -0.44570540770871431     
   2.4239999999999995      -0.40520067175178759     
   2.4480000000000004      -0.35511631548402856     
   2.4719999999999995      -0.29663644354401841     
   2.4960000000000004      -0.23114363478636601     
   2.5199999999999996      -0.16018625487651478     
   2.5440000000000005       -8.5441849944033171E-002
   2.5679999999999996       -8.6774867215731587E-003
   2.5920000000000005        6.8292023230655641E-002
   2.6159999999999997       0.14364702760738579     
   2.6400000000000006       0.21560605147910686     
   2.6639999999999997       0.28246791249831188     
   2.6880000000000006       0.34265193759365098     
   2.7119999999999997       0.39473533044501458     
   2.7360000000000007       0.43748680639639248     
   2.7599999999999998       0.46989569970814404     
   2.7840000000000007       0.49119585508992281     
   2.8079999999999998       0.50088373875930003     
   2.8320000000000007       0.49873034092434898     
   2.8559999999999999       0.48478658836069211     
   2.8800000000000008       0.45938213917504056     
   2.9039999999999999       0.42311758829137558     
   2.9280000000000008       0.37685026796439547     
   2.9520000000000000       0.32167397903541728     
   2.9760000000000009       0.25889313211943971     
   3.0000000000000000       0.18999191005698507     
   3.0240000000000009       0.11659918065678877     
   3.0480000000000000        4.0449989213550426E-002
   3.0720000000000010       -3.6655458866229514E-002
   3.0960000000000001      -0.11289435566855766     
   3.1200000000000010      -0.18646438253870629     
   3.1440000000000001      -0.25562631731986979     
   3.1680000000000010      -0.31874514983184959     
   3.1920000000000002      -0.37432873362701635     
   3.2160000000000011      -0.42106306030673990     
   3.2400000000000002      -0.45784332252691623     
   3.2639999999999993      -0.48380003137897165     
   3.2880000000000003      -0.49831957074893263     
   3.3119999999999994      -0.50105870276804110     
   3.3360000000000003      -0.49195268146506449     
   3.3599999999999994      -0.47121678283256119     
   3.3840000000000003      -0.43934121515461133     
   3.4079999999999995      -0.39707952993329360     
   3.4320000000000004      -0.34543080739542453     
   3.4559999999999995      -0.28561603772838906     
   3.4800000000000004      -0.21904925640478176     
   3.5039999999999996      -0.14730411596677967     
   3.5280000000000005       -7.2076684520963510E-002
   3.5519999999999996        4.8546496074753850E-003
   3.5760000000000005        8.1671219204083781E-002
   3.5999999999999996       0.15655707162011329     
   3.6240000000000006       0.22774189798905048     
   3.6479999999999997       0.29354288336107454     
   3.6720000000000006       0.35240448842295724     
   3.6959999999999997       0.40293522236959545     
   3.7200000000000006       0.44394053762375213     
   3.7439999999999998       0.47445106878078080     
   3.7680000000000007       0.49374554821826366     
   3.7919999999999998       0.50136785665428618     
   3.8160000000000007       0.49713780558792076     
   3.8399999999999999       0.48115539673346552     
   3.8640000000000008       0.45379845776332461     
   3.8879999999999999       0.41571371025774023     
   3.9120000000000008       0.36780148102137994     
   3.9359999999999999       0.31119441819646010     
   3.9600000000000009       0.24723071532765326     
   3.9840000000000000       0.17742247636481542     
   4.0080000000000009       0.10341996945656848     
   4.0320000000000000        2.6972614575640378E-002
   4.0560000000000009       -5.0112372772145239E-002
   4.0800000000000001      -0.12601270409417817     
   4.1040000000000010      -0.19893409675429991     
   4.1280000000000001      -0.26715269073260184     
   4.1520000000000010      -0.32905580057372330     
   4.1760000000000002      -0.38318003915225968     
   4.2000000000000011      -0.42824591201453199     
   4.2240000000000002      -0.46318806449166527     
   4.2479999999999993      -0.48718046654745878     
   4.2720000000000002      -0.49965593999637309     
   4.2959999999999994      -0.50031956647295084     
   4.3200000000000003      -0.48915565919264042     
   4.3439999999999994      -0.46642813369542285     
   4.3680000000000003      -0.43267426881097826     
   4.3919999999999995      -0.38869200533860904     
   4.4160000000000004      -0.33552108270273662     
   4.4399999999999995      -0.27441845951423743     
   4.4640000000000004      -0.20682859909556217     
   4.4879999999999995      -0.13434932241896663     
   4.5120000000000005       -5.8694035692854800E-002
   4.5359999999999996        1.8348774466244357E-002
   4.5600000000000005        9.4957820744788979E-002
   4.5839999999999996       0.16932207023751658     
   4.6080000000000005       0.23968355712805067     
   4.6319999999999997       0.30437894085725303     
   4.6560000000000006       0.36187882734845822     
   4.6799999999999997       0.41082392374030746     
   4.7040000000000006       0.45005717193347206     
   4.7279999999999998       0.47865110131842137     
   4.7520000000000007       0.49592975406946521     
   4.7759999999999998       0.50148466469451602     
   4.8000000000000007       0.49518451608682662     
   4.8239999999999998       0.47717824381197499     
   4.8480000000000008       0.44789151524628712     
   4.8719999999999999       0.40801666680088411     
   4.8960000000000008       0.35849633711554357     
   4.9199999999999999       0.30050118313323670     
   4.9440000000000008       0.23540220584612984     
   4.9680000000000000       0.16473833993057360     
   4.9920000000000009        9.0180073449702913E-002
   5.0160000000000000        1.3489957650834267E-002
   5.0400000000000009       -6.3519059597357985E-002
   5.0640000000000001      -0.13902649173418311     
   5.0880000000000010      -0.21124734964542255     
   5.1120000000000001      -0.27847433864085835     
   5.1360000000000010      -0.33911821873865883     
   5.1600000000000001      -0.39174537414362709     
   5.1840000000000011      -0.43511170378098379     
   5.2080000000000002      -0.46819203171715368     
   5.2320000000000011      -0.49020434220867559     
   5.2560000000000002      -0.50062826646554004     
   5.2799999999999994      -0.49921738410430805     
   5.3040000000000003      -0.48600504848642090     
   5.3279999999999994      -0.46130359823187972     
   5.3520000000000003      -0.42569697354852531     
   5.3759999999999994      -0.38002691192676252     
   5.4000000000000004      -0.32537304953253765     
   5.4239999999999995      -0.26302739870014563     
   5.4480000000000004      -0.19446380487472717     
   5.4719999999999995      -0.12130310503962963     
   5.4960000000000004       -4.5274811280171093E-002
   5.5199999999999996        3.1823774719284569E-002
   5.5440000000000005       0.10817004971559961     
   5.5679999999999996       0.18195919507143465     
   5.5920000000000005       0.25144684249147381     
   5.6159999999999997       0.31499031071664707     
   5.6400000000000006       0.37108743834512187     
   5.6639999999999997       0.41841209477622665     
   5.6880000000000006       0.45584552980234433     
   5.7119999999999997       0.48250282074774797     
   5.7360000000000007       0.49775379194695252     
   5.7599999999999998       0.50123791202840617     
   5.7840000000000007       0.49287281683352674     
   5.8079999999999998       0.47285625649035562     
   5.8320000000000007       0.44166142061344599     
   5.8559999999999999       0.40002575214203173     
   5.8800000000000008       0.34893351425640345     
   5.9039999999999999       0.28959252248902984     
   5.9280000000000008       0.22340559208114311     
   5.9520000000000000       0.15193737556651180     
   5.9760000000000009        7.6877374538706064E-002
