  -6.0000000000000000       -2.1904861435559455E-267
  -5.9760000000000000       -6.3041722555835580E-262
  -5.9520000000000000       -7.3684726979776838E-258
  -5.9279999999999999       -7.4827510867275761E-254
  -5.9039999999999999       -3.2468801771365808E-250
  -5.8799999999999999       -6.9907250923240607E-247
  -5.8559999999999999       -2.4041606036437972E-243
  -5.8319999999999999        1.2704495669317180E-238
  -5.8079999999999998       -4.4517001911224372E-235
  -5.7839999999999998       -5.1745782730498027E-231
  -5.7599999999999998       -4.3313726706446924E-227
  -5.7359999999999998       -1.2918772073863141E-223
  -5.7119999999999997       -7.2628922230726278E-220
  -5.6879999999999997       -1.0477243385855084E-216
  -5.6639999999999997       -1.3316250951528405E-212
  -5.6399999999999997        8.9387891412630862E-210
  -5.6159999999999997       -8.2590360993647984E-206
  -5.5919999999999996        8.2046639905359294E-203
  -5.5679999999999996       -3.4259329358596411E-199
  -5.5439999999999996       -5.5589431438628131E-195
  -5.5199999999999996       -1.6132784078209964E-191
  -5.4960000000000004       -4.7267513338828663E-189
  -5.4719999999999995        3.1688696516011003E-185
  -5.4480000000000004       -1.4526289328911514E-181
  -5.4239999999999995       -3.4323063889449045E-179
  -5.4000000000000004        1.6632376212283093E-175
  -5.3760000000000003        2.1098144450089134E-172
  -5.3520000000000003       -2.3068401993406114E-168
  -5.3280000000000003       -5.2311936841063685E-166
  -5.3040000000000003       -3.3092700059597766E-162
  -5.2800000000000002        2.6336018489707520E-159
  -5.2560000000000002        7.4709951005160192E-157
  -5.2320000000000002       -1.6961665989038819E-153
  -5.2080000000000002        1.5620821404532236E-150
  -5.1840000000000002       -8.0818251542925712E-147
  -5.1600000000000001        3.9903263283847375E-144
  -5.1360000000000001       -1.1328902404315218E-141
  -5.1120000000000001        1.6878815935123785E-138
  -5.0880000000000001       -8.9863257564253169E-136
  -5.0640000000000001       -4.7725576757413129E-133
  -5.0400000000000000       -6.4184523282450516E-130
  -5.0160000000000000        1.5908438421571384E-127
  -4.9920000000000000        4.2172619414517132E-124
  -4.9680000000000000        1.4089723913861074E-123
  -4.9440000000000000       -1.1955728358631479E-119
  -4.9199999999999999        1.0517924215823156E-116
  -4.8959999999999999        9.2434038704850050E-115
  -4.8719999999999999       -3.1431710353511740E-111
  -4.8479999999999999       -9.2077094451753543E-109
  -4.8239999999999998       -5.4460248065105954E-106
  -4.7999999999999998        1.4757045121730207E-103
  -4.7759999999999998       -8.2839810403646941E-102
  -4.7519999999999998       -2.3389568960843876E-098
  -4.7279999999999998        3.5189463243671356E-096
  -4.7039999999999997        2.7411154869140691E-094
  -4.6799999999999997       -6.6206167086347332E-092
  -4.6559999999999997        6.0728759862730410E-090
  -4.6319999999999997        1.9826016883923856E-087
  -4.6079999999999997       -1.4134779424219820E-085
  -4.5839999999999996       -2.2457812311479175E-082
  -4.5600000000000005       -2.7534394575637803E-080
  -4.5359999999999996       -6.7417095032188362E-078
  -4.5120000000000005       -1.7571471533732567E-075
  -4.4879999999999995       -1.3554345085926164E-074
  -4.4640000000000004        1.0712746815282945E-071
  -4.4399999999999995       -7.4203413750945371E-070
  -4.4160000000000004        1.2179416790007208E-068
  -4.3919999999999995        7.5734129298651141E-066
  -4.3680000000000003       -1.9219326813676907E-064
  -4.3439999999999994        6.7046718818088441E-063
  -4.3200000000000003        2.1314900179326699E-060
  -4.2960000000000003       -4.6228845778102850E-058
  -4.2720000000000002       -2.4374337000046984E-056
  -4.2480000000000002       -2.4148842832669658E-055
  -4.2240000000000002       -5.4393161237987464E-053
  -4.2000000000000002       -3.6324346432190269E-051
  -4.1760000000000002        5.6807420193019158E-051
  -4.1520000000000001        5.1453353691707049E-048
  -4.1280000000000001       -3.5482809751767566E-046
  -4.1040000000000001       -1.2670634787602593E-045
  -4.0800000000000001       -4.0637430958784538E-043
  -4.0560000000000000       -4.3329444233748376E-041
  -4.0320000000000000       -4.3557449782343911E-040
  -4.0080000000000000       -1.2394842059214708E-038
  -3.9840000000000000       -2.9721898271419229E-037
  -3.9600000000000000       -1.2599318615245353E-035
  -3.9359999999999999       -9.3361138257271091E-035
  -3.9119999999999999       -1.0091276467050148E-033
  -3.8879999999999999       -8.3818351912810579E-032
  -3.8639999999999999       -2.9204969242199505E-031
  -3.8399999999999999       -1.4217148701020568E-029
  -3.8159999999999998       -2.3520673140208473E-028
  -3.7919999999999998       -5.5727555399199979E-027
  -3.7679999999999998       -3.7223117223993425E-026
  -3.7439999999999998       -1.1942765036231920E-024
  -3.7199999999999998       -3.9096572252745263E-025
  -3.6959999999999997       -2.1859710881823572E-023
  -3.6720000000000002       -6.8675002028308395E-022
  -3.6480000000000001       -1.7140156912577013E-021
  -3.6240000000000001       -1.1368104583022378E-020
  -3.6000000000000001       -1.2520012344539879E-019
  -3.5760000000000001       -3.3955176716463032E-019
  -3.5520000000000000        1.8946513997346598E-018
  -3.5280000000000000        1.5305578476443828E-018
  -3.5040000000000000       -1.8977301069685368E-017
  -3.4800000000000000       -3.6138492329017006E-017
  -3.4560000000000000       -1.2164910872191268E-016
  -3.4319999999999999        8.8372955380393528E-017
  -3.4079999999999999        3.2904110946425746E-016
  -3.3839999999999999        4.3309313672789221E-016
  -3.3599999999999999        1.4739845603565694E-015
  -3.3359999999999999        1.4817002415943214E-015
  -3.3119999999999998        7.7122702430264280E-017
  -3.2879999999999998       -5.8344381729187855E-016
  -3.2639999999999998       -2.6844081754491565E-016
  -3.2399999999999998       -8.0781920377331816E-016
  -3.2159999999999997        1.0266705998003056E-016
  -3.1919999999999997        1.2403574488085968E-015
  -3.1680000000000001        2.2892890920324235E-016
  -3.1440000000000001        3.0075166772260181E-017
  -3.1200000000000001        1.8571243473431126E-015
  -3.0960000000000001       -1.1832155943449782E-015
  -3.0720000000000001        2.8117191870073124E-016
  -3.0480000000000000        5.4932543394765889E-016
  -3.0240000000000000       -1.0022507362327807E-015
  -3.0000000000000000        3.9824864795693912E-015
  -2.9760000000000000        1.2645189917680957E-014
  -2.9520000000000000        4.6175872053498253E-014
  -2.9279999999999999        1.4645107029237012E-013
  -2.9039999999999999        4.4702706900649989E-013
  -2.8799999999999999        1.3219805242050387E-012
  -2.8559999999999999        3.7659200341597116E-012
  -2.8319999999999999        1.0398119493287217E-011
  -2.8079999999999998        2.7811938779689604E-011
  -2.7839999999999998        7.2136965236658100E-011
  -2.7599999999999998        1.8158997669843848E-010
  -2.7359999999999998        4.4396487089273593E-010
  -2.7119999999999997        1.0550975154072343E-009
  -2.6879999999999997        2.4392073405401610E-009
  -2.6640000000000001        5.4896929124145562E-009
  -2.6400000000000001        1.2036814422453180E-008
  -2.6160000000000001        2.5730813919269162E-008
  -2.5920000000000001        5.3663794127318777E-008
  -2.5680000000000001        1.0926854036680135E-007
  -2.5440000000000000        2.1736402937918294E-007
  -2.5200000000000000        4.2271185987180720E-007
  -2.4960000000000000        8.0416192906194080E-007
  -2.4720000000000000        1.4974612256707155E-006
  -2.4480000000000000        2.7311398736343604E-006
  -2.4239999999999999        4.8816254783397537E-006
  -2.3999999999999999        8.5558987530501305E-006
  -2.3759999999999999        1.4712573815437158E-005
  -2.3519999999999999        2.4835184918398467E-005
  -2.3279999999999998        4.1174517980285186E-005
  -2.3039999999999998        6.7079763834353962E-005
  -2.2799999999999998        1.0744069318950334E-004
  -2.2559999999999998        1.6926444316864520E-004
  -2.2319999999999998        2.6241023867081350E-004
  -2.2079999999999997        4.0050275745204310E-004
  -2.1839999999999997        6.0203918423776639E-004
  -2.1600000000000001        8.9169565561804647E-004
  -2.1360000000000001        1.3018253090551330E-003
  -2.1120000000000001        1.8741223246374536E-003
  -2.0880000000000001        2.6614043706958052E-003
  -2.0640000000000001        3.7294403814538590E-003
  -2.0400000000000000        5.1587227753362623E-003
  -2.0160000000000000        7.0460547714956846E-003
  -1.9920000000000000        9.5057965819651986E-003
  -1.9680000000000000        1.2670591549603878E-002
  -1.9440000000000000        1.6691377610294083E-002
  -1.9199999999999999        2.1736483656442807E-002
  -1.8959999999999999        2.7989617122128045E-002
  -1.8719999999999999        3.5646570566957698E-002
  -1.8479999999999999        4.4910512618910450E-002
  -1.8239999999999998        5.5985782772335166E-002
  -1.7999999999999998        6.9070179479881852E-002
  -1.7759999999999998        8.4345814707572117E-002
  -1.7519999999999998       0.10196870233432678     
  -1.7279999999999998       0.12205734797102294     
  -1.7039999999999997       0.14468070844728922     
  -1.6799999999999997       0.16984598415067761     
  -1.6559999999999997       0.19748679003730374     
  -1.6319999999999997       0.22745231496822160     
  -1.6079999999999997       0.25949811807559686     
  -1.5839999999999996       0.29327922008545010     
  -1.5599999999999996       0.32834612321877460     
  -1.5359999999999996       0.36414433342613456     
  -1.5119999999999996       0.40001786314928289     
  -1.4879999999999995       0.43521706343595462     
  -1.4639999999999995       0.46891097497302631     
  -1.4399999999999995       0.50020420426057299     
  -1.4159999999999995       0.52815813119516142     
  -1.3919999999999995       0.55181604655011052     
  -1.3680000000000003       0.57023161190380633     
  -1.3440000000000003       0.58249984054570414     
  -1.3200000000000003       0.58778962573683491     
  -1.2960000000000003       0.58537670173701450     
  -1.2720000000000002       0.57467582142934348     
  -1.2480000000000002       0.55527087880848958     
  -1.2240000000000002       0.52694169976729066     
  -1.2000000000000002       0.48968627304630519     
  -1.1760000000000002       0.44373729508961618     
  -1.1520000000000001       0.38957205567516640     
  -1.1280000000000001       0.32791489103531274     
  -1.1040000000000001       0.25973167108341672     
  -1.0800000000000001       0.18621605877238842     
  -1.0560000000000000       0.10876757247146726     
  -1.0320000000000000        2.8961785402566404E-002
  -1.0080000000000000       -5.1486702157911395E-002
 -0.98399999999999999      -0.13076759395687076     
 -0.95999999999999996      -0.20702334490709709     
 -0.93599999999999994      -0.27840130955780484     
 -0.91199999999999992      -0.34310799486178650     
 -0.88799999999999990      -0.39946369099169404     
 -0.86399999999999988      -0.44595568372131855     
 -0.83999999999999986      -0.48128824435219753     
 -0.81599999999999984      -0.50442764972847998     
 -0.79199999999999982      -0.51464060456528904     
 -0.76799999999999979      -0.51152461779961200     
 -0.74399999999999977      -0.49502911842615227     
 -0.71999999999999975      -0.46546637676427349     
 -0.69599999999999973      -0.42351161504491314     
 -0.67199999999999971      -0.37019203594466649     
 -0.64799999999999969      -0.30686485755410758     
 -0.62399999999999967      -0.23518480598247685     
 -0.59999999999999964      -0.15706186994385499     
 -0.57599999999999962       -7.4610453089045625E-002
 -0.55199999999999960        9.9086419139148615E-003
 -0.52799999999999958        9.4151708855795421E-002
 -0.50399999999999956       0.17575922210289305     
 -0.47999999999999954       0.25242447586840333     
 -0.45599999999999952       0.32196166742924215     
 -0.43199999999999950       0.38237130324360902     
 -0.40799999999999947       0.43190086576372272     
 -0.38399999999999945       0.46909880476201271     
 -0.36000000000000032       0.49286010648390610     
 -0.33600000000000030       0.50246194109480058     
 -0.31200000000000028       0.49758818598705479     
 -0.28800000000000026       0.47834196019164277     
 -0.26400000000000023       0.44524567269519255     
 -0.24000000000000021       0.39922847320480603     
 -0.21600000000000019       0.34160138553234032     
 -0.19200000000000017       0.27402078878159081     
 -0.16800000000000015       0.19844127761148994     
 -0.14400000000000013       0.11705926830802128     
 -0.12000000000000011        3.2249011494326442E-002
  -9.6000000000000085E-002  -5.3507084371047738E-002
  -7.2000000000000064E-002 -0.13769172980717218     
  -4.8000000000000043E-002 -0.21782742228042640     
  -2.4000000000000021E-002 -0.29155024429301407     
   0.0000000000000000      -0.35668054874407751     
   2.4000000000000021E-002 -0.41128837646888305     
   4.8000000000000043E-002 -0.45375160546624554     
   7.2000000000000064E-002 -0.48280504797452206     
   9.6000000000000085E-002 -0.49757898350959717     
  0.12000000000000011      -0.49762593477551698     
  0.14400000000000013      -0.48293484910252982     
  0.16800000000000015      -0.45393222974043840     
  0.19200000000000017      -0.41147015714890617     
  0.21600000000000019      -0.35680153819468652     
  0.24000000000000021      -0.29154330868437184     
  0.26400000000000023      -0.21762868008481900     
  0.28800000000000026      -0.13724985348697530     
  0.31200000000000028       -5.2792912784168082E-002
  0.33600000000000030        3.3233154048626812E-002
  0.36000000000000032       0.11827117887151321     
  0.38400000000000034       0.19979204235309142     
  0.40800000000000036       0.27537012212037193     
  0.43200000000000038       0.34275569741962464     
  0.45600000000000041       0.39994213897197739     
  0.48000000000000043       0.44522586932370700     
  0.50400000000000045       0.47725729605592138     
  0.52800000000000047       0.49508119111451204     
  0.55200000000000049       0.49816530603733389     
  0.57600000000000051       0.48641636543701133     
  0.60000000000000053       0.46018295913310681     
  0.62400000000000055       0.42024524547024672     
  0.64800000000000058       0.36779177286298981     
  0.67199999999999971       0.30438411168037988     
  0.69599999999999973       0.23191035273071062     
  0.71999999999999975       0.15252886097920357     
  0.74399999999999977        6.8603963839529394E-002
  0.76799999999999979       -1.7364506210634335E-002
  0.79199999999999982      -0.10281571195662509     
  0.81599999999999984      -0.18520413183590420     
  0.83999999999999986      -0.26207542373258008     
  0.86399999999999988      -0.33113956967198094     
  0.88799999999999990      -0.39033912052326347     
  0.91199999999999992      -0.43791050642129803     
  0.93599999999999994      -0.47243658580897052     
  0.95999999999999996      -0.49288886757429490     
  0.98399999999999999      -0.49865814889773774     
   1.0080000000000000      -0.48957265693523727     
   1.0320000000000000      -0.46590315503880259     
   1.0560000000000000      -0.42835486275392720     
   1.0800000000000001      -0.37804643175797492     
   1.1040000000000001      -0.31647660551586587     
   1.1280000000000001      -0.24547955725096518     
   1.1520000000000001      -0.16717023794537197     
   1.1760000000000002       -8.3881363466671605E-002
   1.2000000000000002        1.9060812743357811E-003
   1.2240000000000002        8.7636750393749435E-002
   1.2480000000000002       0.17075705545295836     
   1.2720000000000002       0.24879122679641574     
   1.2960000000000003       0.31941505235769857     
   1.3200000000000003       0.38052509791653832     
   1.3440000000000003       0.43030134760035621     
   1.3680000000000003       0.46726139958839369     
   1.3920000000000003       0.49030460364579109     
   1.4160000000000004       0.49874482678990339     
   1.4400000000000004       0.49233087214428345     
   1.4640000000000004       0.47125394377873941     
   1.4880000000000004       0.43614193611630442     
   1.5120000000000005       0.38804071882422714     
   1.5360000000000005       0.32838297531648936     
   1.5600000000000005       0.25894552355423983     
   1.5840000000000005       0.18179639070870440     
   1.6080000000000005        9.9233218244305935E-002
   1.6320000000000006        1.3714832012315355E-002
   1.6560000000000006       -7.2211984660382797E-002
   1.6799999999999997      -0.15598833419718308     
   1.7039999999999997      -0.23511940584888283     
   1.7279999999999998      -0.30724876562882364     
   1.7519999999999998      -0.37022852313531035     
   1.7759999999999998      -0.42218328616421408     
   1.7999999999999998      -0.46156599907716039     
   1.8239999999999998      -0.48720400263044095     
   1.8479999999999999      -0.49833394418654725     
   1.8719999999999999      -0.49462449925295759     
   1.8959999999999999      -0.47618622823502982     
   1.9199999999999999      -0.44356827534571952     
   1.9440000000000000      -0.39774200838017848     
   1.9680000000000000      -0.34007208687448870     
   1.9920000000000000      -0.27227582045077942     
   2.0160000000000000      -0.19637202776293880     
   2.0400000000000009      -0.11462091902161066     
   2.0640000000000001       -2.9456792289383544E-002
   2.0880000000000010        5.6584452356045582E-002
   2.1120000000000001       0.14094082245828948     
   2.1360000000000010       0.22110051831323438     
   2.1600000000000001       0.29467672225585773     
   2.1840000000000011       0.35947866535364215     
   2.2080000000000002       0.41357685564053098     
   2.2319999999999993       0.45536052589994713     
   2.2560000000000002       0.48358559069341156     
   2.2799999999999994       0.49741168493383064     
   2.3040000000000003       0.49642718140545045     
   2.3279999999999994       0.48066144255578314     
   2.3520000000000003       0.45058394197250440     
   2.3759999999999994       0.40709028189375945     
   2.4000000000000004       0.35147552324510922     
   2.4239999999999995       0.28539562243466349     
   2.4480000000000004       0.21081812322466884     
   2.4719999999999995       0.12996357189102173     
   2.4960000000000004        4.5239400058837163E-002
   2.5199999999999996       -4.0831756159566059E-002
   2.5440000000000005      -0.12568716647332251     
   2.5679999999999996      -0.20680030983686917     
   2.5920000000000005      -0.28175609915935573     
   2.6159999999999997      -0.34832278761052948     
   2.6400000000000006      -0.40451841565518420     
   2.6639999999999997      -0.44866982050803711     
   2.6880000000000006      -0.47946245115816433     
   2.7119999999999997      -0.49597950587363865     
   2.7360000000000007      -0.49772922701148525     
   2.7599999999999998      -0.48465954056031074     
   2.7840000000000007      -0.45715960463480965     
   2.8079999999999998      -0.41604822090466204     
   2.8320000000000007      -0.36254945407090461     
   2.8559999999999999      -0.29825618535563037     
   2.8800000000000008      -0.22508268520723429     
   2.9039999999999999      -0.14520761734787552     
   2.9280000000000008       -6.1009171169529863E-002
   2.9520000000000000        2.5005746161727543E-002
   2.9760000000000009       0.11027614968340577     
   3.0000000000000000       0.19226322640467028     
   3.0240000000000009       0.26852592465578629     
   3.0480000000000000       0.33679363248333694     
   3.0720000000000010       0.39503378123360872     
   3.0960000000000001       0.44151236156849527     
   3.1200000000000010       0.47484555018490948     
   3.1440000000000001       0.49404091017706508     
   3.1680000000000010       0.49852693841118523     
   3.1920000000000002       0.48817008023124919     
   3.2160000000000011       0.46327870495315726     
   3.2400000000000002       0.42459392382307315     
   3.2639999999999993       0.37326752385598672     
   3.2880000000000003       0.31082767456894317     
   3.3119999999999994       0.23913342865949264     
   3.3360000000000003       0.16031937131539245     
   3.3599999999999994        7.6732066143032504E-002
   3.3840000000000003       -9.1398100625180272E-003
   3.4079999999999995       -9.4739563585247322E-002
   3.4320000000000004      -0.17751860500715264     
   3.4559999999999995      -0.25501232900780102     
   3.4800000000000004      -0.32491349356655191     
   3.5039999999999996      -0.38514091384445037     
   3.5280000000000005      -0.43390142552334793     
   3.5519999999999996      -0.46974327277222944     
   3.5760000000000005      -0.49159933132901618     
   3.5999999999999996      -0.49881887982824646     
   3.6240000000000006      -0.49118697346063139     
   3.6479999999999997      -0.46893084316821804     
   3.6720000000000006      -0.43271312986890603     
   3.6959999999999997      -0.38361215516550318     
   3.7200000000000006      -0.32308981595743669     
   3.7439999999999998      -0.25294805884637966     
   3.7680000000000007      -0.17527523024010255     
   3.7919999999999998       -9.2383899488469493E-002
   3.8160000000000007       -6.7420062573310784E-003
   3.8399999999999999        7.9100617898288150E-002
   3.8640000000000008       0.16258816607837745     
   3.8879999999999999       0.24123495042820067     
   3.9120000000000008       0.31269940881060454     
   3.9359999999999999       0.37485382035612069     
   3.9600000000000009       0.42584765424829180     
   3.9840000000000000       0.46416266566145992     
   4.0080000000000009       0.48865809848193148     
   4.0320000000000000       0.49860464899605494     
   4.0560000000000009       0.49370617934964828     
   4.0800000000000001       0.47410853431060895     
   4.1040000000000010       0.44039519884068179     
   4.1280000000000001       0.39356992577163713     
   4.1520000000000010       0.33502685082053130     
   4.1760000000000002       0.26650898471828649     
   4.2000000000000011       0.19005631827395947     
   4.2240000000000002       0.10794508545072140     
   4.2479999999999993        2.2619992781650788E-002
   4.2720000000000002       -6.3378567134144539E-002
   4.2959999999999994      -0.14749015097640122     
   4.3200000000000003      -0.22721049699321882     
   4.3439999999999994      -0.30016608456711047     
   4.3680000000000003      -0.36418480119247659     
   4.3919999999999995      -0.41736061289446708     
   4.4160000000000004      -0.45811031265580171     
   4.4399999999999995      -0.48522065728058128     
   4.4640000000000004      -0.49788448929013873     
   4.4879999999999995      -0.49572476839544938     
   4.5120000000000005      -0.47880579705960880     
   4.5359999999999996      -0.44763130593486189     
   4.5600000000000005      -0.40312945618018187     
   4.5839999999999996      -0.34662520518954604     
   4.6080000000000005      -0.27980085849051645     
   4.6319999999999997      -0.20464598230601555     
   4.6560000000000006      -0.12339816803727054     
   4.6799999999999997       -3.8476412291557134E-002
   4.7040000000000006        4.7590904064433379E-002
   4.7279999999999998       0.13224129354182257     
   4.7520000000000007       0.21295445511251967     
   4.7759999999999998       0.28732731126064659     
   4.8000000000000007       0.35314555492145688     
   4.8239999999999998       0.40844957613846705     
   4.8480000000000008       0.45159280560270981     
   4.8719999999999999       0.48129073801084765     
   4.8960000000000008       0.49665917566915296     
   4.9199999999999999       0.49724055371667791     
   4.9440000000000008       0.48301756318734457     
   4.9680000000000000       0.45441366631274038     
   4.9920000000000009       0.41228048872517176     
   5.0160000000000000       0.35787246393501032     
   5.0400000000000009       0.29280948499476167     
   5.0640000000000001       0.21902867532462519     
   5.0880000000000010       0.13872671462971031     
   5.1120000000000001        5.4294437042510114E-002
   5.1360000000000010       -3.1754351296746475E-002
   5.1600000000000001      -0.11685771590448683     
   5.1840000000000011      -0.19848187053952515     
   5.2080000000000002      -0.27419661572442761     
   5.2320000000000011      -0.34174769316883408     
   5.2560000000000002      -0.39912390188412949     
   5.2799999999999994      -0.44461697773945164     
   5.3040000000000003      -0.47687245366341208     
   5.3279999999999994      -0.49492998622964018     
   5.3520000000000003      -0.49825194798199374     
   5.3759999999999994      -0.48673943421996629     
   5.4000000000000004      -0.46073520767445098     
   5.4239999999999995      -0.42101349340279048     
   5.4480000000000004      -0.36875692774072688     
   5.4719999999999995      -0.30552134761169303     
   5.4960000000000004      -0.23318946852312561     
   5.5199999999999996      -0.15391483039699583     
   5.5440000000000005       -7.0057680137701556E-002
   5.5679999999999996        1.5885300091827610E-002
   5.5920000000000005       0.10135532668313646     
   5.6159999999999997       0.18380769734107319     
   5.6400000000000006       0.26078755459654873     
   5.6639999999999997       0.33000297436363757     
   5.6880000000000006       0.38939320347310807     
   5.7119999999999997       0.43719001454417555     
   5.7360000000000007       0.47197035147413907     
   5.7599999999999998       0.49269869813023875     
   5.7840000000000007       0.49875790879966891     
   5.8079999999999998       0.48996758248206401     
   5.8320000000000007       0.46658943396642266     
   5.8559999999999999       0.42931950177961409     
   5.8800000000000008       0.37926742499979693     
   5.9039999999999999       0.31792340592722901     
   5.9280000000000008       0.24711384223424485     
   5.9520000000000000       0.16894694956010609     
   5.9760000000000009        8.5749993531222021E-002
