     2.000     0.000     0.000     1.000     0.000     0.000
    -1.000    -0.000     0.000     0.000     0.000     0.000
     0.000     0.000     0.000     2.000    -1.000    -0.000
 -----------------------------
    -1.000    -0.000     0.000     0.000     0.000     0.000
     0.000     0.000     0.000     2.000    -0.000    -1.000
    -1.000    -0.000     0.000     0.000     2.000     0.000
  Hermiticity 
     0.000    -0.000    -1.000    -1.000     0.000    -0.000
     1.000    -1.000     0.000    -0.000     0.000    -2.000
     0.000    -0.000     0.000    -2.000     0.000     0.000
     0.000     0.000     0.000    -0.000    -1.000     0.000
     0.000    -0.000     0.000    -4.000     0.000     1.000
     1.000     0.000    -0.000     1.000     0.000    -0.000
  [A,B] = ? 
     0.000     0.000    -2.000     1.000     1.000     0.000
     1.000     2.000    -2.000     0.000     0.000    -1.000
     3.000     0.000    -4.000    -3.000     2.000     0.000
 -----
  Tr(AB) & Tr(BA)               (-2.0000000000000000,0.0000000000000000)              (-2.0000000000000000,0.0000000000000000)
        (-2.0000000000000000,4.45619119556226051E-313)        (-2.0000000000000000,6.95285928985312487E-310)
  Eigenvalues & Eigenvectors 
  eigenvalues   -1.0000000000000000      -0.41421356237309509        2.4142135623730949     
           1  -1.0000000000000000     
    0.0000    0.0000      0.0000    0.0000      1.0000    0.0000
           2 -0.41421356237309509     
   -0.0000    0.3827     -0.9239    0.0000     -0.0000    0.0000
           3   2.4142135623730949     
    0.0000    0.9239      0.3827    0.0000      0.0000    0.0000
  orthogonality 
           1           1               (1.0000000000000000,0.0000000000000000)               (1.0000000000000000,0.0000000000000000)
           1           2               (0.0000000000000000,0.0000000000000000)               (0.0000000000000000,0.0000000000000000)
           1           3               (0.0000000000000000,0.0000000000000000)               (0.0000000000000000,0.0000000000000000)
           2           1               (0.0000000000000000,0.0000000000000000)               (0.0000000000000000,0.0000000000000000)
           2           2               (1.0000000000000000,0.0000000000000000)               (1.0000000000000000,0.0000000000000000)
           2           3               (0.0000000000000000,0.0000000000000000)               (0.0000000000000000,0.0000000000000000)
           3           1               (0.0000000000000000,0.0000000000000000)               (0.0000000000000000,0.0000000000000000)
           3           2               (0.0000000000000000,0.0000000000000000)               (0.0000000000000000,0.0000000000000000)
           3           3               (1.0000000000000000,0.0000000000000000)               (1.0000000000000000,0.0000000000000000)
  completeness $\sum_n | n >  < n | $ 
           1           1               (1.0000000000000000,0.0000000000000000)
           1           2               (0.0000000000000000,0.0000000000000000)
           1           3               (0.0000000000000000,0.0000000000000000)
           2           1               (0.0000000000000000,0.0000000000000000)
           2           2               (1.0000000000000000,0.0000000000000000)
           2           3               (0.0000000000000000,0.0000000000000000)
           3           1               (0.0000000000000000,0.0000000000000000)
           3           2               (0.0000000000000000,0.0000000000000000)
           3           3               (1.0000000000000000,0.0000000000000000)
  spectral resolution $\sum_n  | n > w_n < n | $ 
           1           1               (1.9999999999999998,0.0000000000000000)
           1           2               (0.0000000000000000,1.0000000000000000)
           1           3               (0.0000000000000000,0.0000000000000000)
           2           1              (0.0000000000000000,-1.0000000000000000)
           2           2               (0.0000000000000000,0.0000000000000000)
           2           3               (0.0000000000000000,0.0000000000000000)
           3           1               (0.0000000000000000,0.0000000000000000)
           3           2               (0.0000000000000000,0.0000000000000000)
           3           3              (-1.0000000000000000,0.0000000000000000)
  Unitarity of eigenvectors 
   U  
     0.000     0.000    -0.000     0.383     0.000     0.924
     0.000     0.000    -0.924     0.000     0.383     0.000
     1.000     0.000    -0.000     0.000     0.000     0.000
   U^+  
     0.000    -0.000     0.000    -0.000     1.000    -0.000
    -0.000    -0.383    -0.924    -0.000    -0.000    -0.000
     0.000    -0.924     0.383    -0.000     0.000    -0.000
  U U^+  
     1.000     0.000     0.000     0.000     0.000     0.000
     0.000     0.000     1.000     0.000     0.000     0.000
     0.000     0.000     0.000     0.000     1.000     0.000
   U^+ U  
     1.000     0.000     0.000     0.000     0.000     0.000
     0.000     0.000     1.000     0.000     0.000     0.000
     0.000     0.000     0.000     0.000     1.000     0.000
   U^+ A U  
    -1.000     0.000     0.000    -1.848     0.000     0.765
     0.000     0.000    -0.061     0.354     0.854     0.854
     0.000     0.000    -0.146    -0.146     2.061    -0.354
 ---------- U inverse --------------------------
    -0.000     0.000     0.000     0.000     1.000     0.000
     0.000    -0.000     0.000    -0.000     1.000    -0.000
     0.000    -0.383    -0.924     0.000     0.000     0.000
    -0.000    -0.383    -0.924    -0.000    -0.000    -0.000
     0.000    -0.924     0.383     0.000     0.000     0.000
     0.000    -0.924     0.383    -0.000     0.000    -0.000
 --------- A inverse ------------------------
  spectral resolution A^-1 =  | n > (w_n)^-1 < n |  
     0.000     0.000    -1.000     0.000     0.000     0.000
     0.000     0.000     0.000     1.000     0.000     0.000
     0.000    -1.000     0.000    -2.000     0.000     0.000
     0.000    -1.000    -2.000     0.000     0.000     0.000
     2.000     0.000     4.000    -0.000    -1.000     0.000
     0.000     0.000     0.000     0.000    -1.000     0.000
