     2.000     0.000     2.000     0.000    -1.000    -0.000     0.000     0.000
    -1.000    -0.000    -1.000    -0.000     0.000     0.000    -2.000    -0.000
     0.000     0.000     0.000     0.000     2.000     0.000    -1.000    -0.000
    -1.000    -0.000    -1.000    -0.000     0.000     0.000     0.000     0.000
 -----------------------------
    -1.000    -0.000     2.000     0.000     0.000     0.000     0.000     0.000
     0.000     0.000     0.000     0.000     2.000     0.000    -2.000    -0.000
     2.000     0.000    -1.000    -0.000    -1.000    -0.000     0.000     0.000
     0.000     0.000     0.000     0.000     0.000     0.000    -1.000    -0.000
  Hermiticity 
     0.000    -0.000    -3.000     0.000     1.000     0.000    -1.000     0.000
     3.000     0.000     0.000     0.000     0.000    -0.000     1.000     0.000
    -1.000     0.000     0.000    -0.000     0.000    -0.000     1.000     0.000
     1.000     0.000    -1.000     0.000    -1.000     0.000     0.000    -0.000
     0.000     0.000    -2.000    -0.000     2.000    -0.000     0.000    -0.000
     2.000    -0.000     0.000    -0.000    -3.000     0.000     2.000     0.000
    -2.000    -0.000     3.000     0.000     0.000     0.000     0.000    -0.000
     0.000    -0.000    -2.000     0.000     0.000    -0.000     0.000     0.000
  [A,B] = ? 
     0.000     0.000     9.000     0.000     4.000     0.000     0.000     0.000
    -1.000     0.000    -4.000     0.000    -6.000     0.000     6.000     0.000
    -1.000     0.000    -7.000     0.000     2.000     0.000    -2.000     0.000
     0.000     0.000    -3.000     0.000    -2.000     0.000     2.000     0.000
 -----
  Tr(AB) & Tr(BA)               (-6.0000000000000000,0.0000000000000000)              (-6.0000000000000000,0.0000000000000000)
        (-6.0000000000000000,4.45619116749933182E-313)              (-6.0000000000000000,0.0000000000000000)
  Eigenvalues & Eigenvectors 
  eigenvalues   -3.0928322727632924       -6.9729252169476300E-002   2.6117362546426426        3.5508252702901268     
           1  -3.0928322727632924     
   -0.3027    0.0000      0.7929    0.0000      0.0440    0.0000      0.5270    0.0000
           2  -6.9729252169476300E-002
   -0.5049    0.0000      0.2504   -0.0000     -0.5442    0.0000     -0.6214    0.0000
           3   2.6117362546426426     
    0.1417    0.0000      0.3954    0.0000      0.7042    0.0000     -0.5724    0.0000
           4   3.5508252702901268     
    0.7958    0.0000      0.3901    0.0000     -0.4539    0.0000     -0.0919    0.0000
  orthogonality 
           1           1              (0.99999999999999956,0.0000000000000000)              (0.99999999999999956,0.0000000000000000)
           1           2        (-5.55111512312578270E-017,0.0000000000000000)        (-5.55111512312578270E-017,0.0000000000000000)
           1           3         (5.55111512312578270E-017,0.0000000000000000)         (5.55111512312578270E-017,0.0000000000000000)
           1           4        (-6.24500451351650554E-017,0.0000000000000000)        (-6.24500451351650554E-017,0.0000000000000000)
           2           1        (-5.55111512312578270E-017,0.0000000000000000)        (-5.55111512312578270E-017,0.0000000000000000)
           2           2              (0.99999999999999889,0.0000000000000000)              (0.99999999999999889,0.0000000000000000)
           2           3         (4.44089209850062616E-016,0.0000000000000000)         (4.44089209850062616E-016,0.0000000000000000)
           2           4        (-4.78783679369598758E-016,0.0000000000000000)        (-4.78783679369598758E-016,0.0000000000000000)
           3           1         (5.55111512312578270E-017,0.0000000000000000)         (5.55111512312578270E-017,0.0000000000000000)
           3           2         (4.44089209850062616E-016,0.0000000000000000)         (4.44089209850062616E-016,0.0000000000000000)
           3           3              (0.99999999999999933,0.0000000000000000)              (0.99999999999999933,0.0000000000000000)
           3           4         (1.38777878078144568E-016,0.0000000000000000)         (1.38777878078144568E-016,0.0000000000000000)
           4           1        (-6.24500451351650554E-017,0.0000000000000000)        (-6.24500451351650554E-017,0.0000000000000000)
           4           2        (-4.78783679369598758E-016,0.0000000000000000)        (-4.78783679369598758E-016,0.0000000000000000)
           4           3         (1.38777878078144568E-016,0.0000000000000000)         (1.38777878078144568E-016,0.0000000000000000)
           4           4              (0.99999999999999922,0.0000000000000000)              (0.99999999999999922,0.0000000000000000)
  completeness $\sum_n | n >  < n | $ 
           1           1              (0.99999999999999956,0.0000000000000000)
           1           2        (-5.55111512312578270E-017,0.0000000000000000)
           1           3        (-5.55111512312578270E-017,0.0000000000000000)
           1           4         (4.16333634234433703E-017,0.0000000000000000)
           2           1        (-5.55111512312578270E-017,0.0000000000000000)
           2           2              (0.99999999999999933,0.0000000000000000)
           2           3         (2.77555756156289135E-016,0.0000000000000000)
           2           4         (5.55111512312578270E-017,0.0000000000000000)
           3           1        (-5.55111512312578270E-017,0.0000000000000000)
           3           2         (2.77555756156289135E-016,0.0000000000000000)
           3           3              (0.99999999999999856,0.0000000000000000)
           3           4        (-3.05311331771918049E-016,0.0000000000000000)
           4           1         (4.16333634234433703E-017,0.0000000000000000)
           4           2         (5.55111512312578270E-017,0.0000000000000000)
           4           3        (-3.05311331771918049E-016,0.0000000000000000)
           4           4              (0.99999999999999956,0.0000000000000000)
  spectral resolution $\sum_n  | n > w_n < n | $ 
           1           1               (2.0000000000000009,0.0000000000000000)
           1           2               (1.9999999999999978,0.0000000000000000)
           1           3             (-0.99999999999999933,0.0000000000000000)
           1           4        (-5.55111512312578270E-016,0.0000000000000000)
           2           1               (1.9999999999999978,0.0000000000000000)
           2           2              (-1.0000000000000009,0.0000000000000000)
           2           3         (1.44328993201270350E-015,0.0000000000000000)
           2           4              (-1.9999999999999984,0.0000000000000000)
           3           1             (-0.99999999999999933,0.0000000000000000)
           3           2         (1.44328993201270350E-015,0.0000000000000000)
           3           3               (1.9999999999999973,0.0000000000000000)
           3           4             (-0.99999999999999911,0.0000000000000000)
           4           1        (-5.55111512312578270E-016,0.0000000000000000)
           4           2              (-1.9999999999999987,0.0000000000000000)
           4           3             (-0.99999999999999911,0.0000000000000000)
           4           4         (2.87964097012149978E-016,0.0000000000000000)
  Unitarity of eigenvectors 
   U  
    -0.303     0.000    -0.505     0.000     0.142     0.000     0.796     0.000
     0.793     0.000     0.250    -0.000     0.395     0.000     0.390     0.000
     0.044     0.000    -0.544     0.000     0.704     0.000    -0.454     0.000
     0.527     0.000    -0.621     0.000    -0.572     0.000    -0.092     0.000
   U^+  
    -0.303    -0.000     0.793    -0.000     0.044    -0.000     0.527    -0.000
    -0.505    -0.000     0.250     0.000    -0.544    -0.000    -0.621    -0.000
     0.142    -0.000     0.395    -0.000     0.704    -0.000    -0.572    -0.000
     0.796    -0.000     0.390    -0.000    -0.454    -0.000    -0.092    -0.000
  U U^+  
     1.000     0.000    -0.000     0.000    -0.000     0.000     0.000     0.000
    -0.000     0.000     1.000     0.000     0.000     0.000     0.000     0.000
    -0.000     0.000     0.000     0.000     1.000     0.000    -0.000     0.000
     0.000     0.000     0.000     0.000    -0.000     0.000     1.000     0.000
   U^+ U  
     1.000     0.000    -0.000     0.000     0.000     0.000    -0.000     0.000
    -0.000     0.000     1.000     0.000     0.000     0.000    -0.000     0.000
     0.000     0.000     0.000     0.000     1.000     0.000     0.000     0.000
    -0.000     0.000    -0.000     0.000     0.000     0.000     1.000     0.000
   U^+ A U  
    -1.785     0.000     1.290     0.000     0.174     0.000    -2.311     0.000
    -0.316     0.000     0.453     0.000    -0.779     0.000    -0.497     0.000
    -0.506     0.000     0.123     0.000     1.995     0.000     0.108     0.000
     0.387     0.000     0.801     0.000    -0.318     0.000     2.337     0.000
 ---------- U inverse --------------------------
    -0.303     0.000     0.793     0.000     0.044     0.000     0.527     0.000
    -0.303    -0.000     0.793    -0.000     0.044    -0.000     0.527    -0.000
    -0.505     0.000     0.250     0.000    -0.544     0.000    -0.621     0.000
    -0.505    -0.000     0.250     0.000    -0.544    -0.000    -0.621    -0.000
     0.142    -0.000     0.395     0.000     0.704     0.000    -0.572     0.000
     0.142    -0.000     0.395    -0.000     0.704    -0.000    -0.572    -0.000
     0.796    -0.000     0.390     0.000    -0.454     0.000    -0.092     0.000
     0.796    -0.000     0.390    -0.000    -0.454    -0.000    -0.092    -0.000
 --------- A inverse ------------------------
