   0.0000000000000000        0.0000000000000000     
   0.0000000000000000        0.0000000000000000     
   0.0000000000000000        0.0000000000000000     
   5.1686086342581046E-002  -1.7138013795380939E-003
  0.10253061335738581       -5.3632708728636675E-003
  0.15307684018466242       -1.0920101739079585E-002
  0.20346068278581939       -1.8362005600561962E-002
  0.25373435214008955       -2.7661353151843669E-002
  0.30393142738214413       -3.8785240560973981E-002
  0.35408049617307225       -5.1695918564774297E-002
  0.40420850479942511       -6.6350985008748753E-002
  0.45434204094856995       -8.2703531693431948E-002
  0.50450821326376905      -0.10070234272108640     
  0.55473546516671535      -0.12029216653398249     
  0.60505437127375927      -0.14141404437539384     
  0.65549844936724788      -0.16400567807891814     
  0.70610495783141858      -0.18800179124680838     
  0.75691569689206761      -0.21333445052559663     
  0.80797775375446823      -0.23993327036178075     
  0.85934416947832903      -0.26772543023822831     
  0.91107439067366525      -0.29663536302378862     
  0.96323431492420786      -0.32658392573720091     
   1.0158955439712081      -0.35748674191772079     
   1.0691331258481322      -0.38925120790563311     
   1.1230205498501582      -0.42177138038189949     
   1.1776200586588246      -0.45491966727529931     
   1.2329655034129345      -0.48853405934499966     
   1.2890355231657655      -0.52240064176239764     
   1.3457190000719446      -0.55623467627600720     
   1.4027865699314148      -0.58967139097959564     
   1.4598962142020238      -0.62228458093162153     
   1.5166550225132052      -0.65364213082257427     
   1.5727162770141176      -0.68337673143800681     
   1.6278541104908300      -0.71123092929053378     
   1.6819801054208479      -0.73705787041676718     
   1.7351152308787356      -0.76079295336813257     
   1.7873490063790591      -0.78242022485790863     
   1.8388060425395827      -0.80194648036122451     
   1.8896249203201645      -0.81938511592979690     
   1.9399470898238258      -0.83474724544625878     
   1.9899121153587818      -0.84803714901391958     
   2.0396565078413196      -0.85924997472896503     
   2.0893144479761263      -0.86837044212217473     
   2.1390195216129135      -0.87537185374429172     
   2.1889070592169420      -0.88021501844930117     
   2.2391169789900429      -0.88284683182547830     
   2.2897971771555388      -0.88319829307745090     
   2.3411076512592581      -0.88118171498859310     
   2.3932257321652348      -0.87668679388646209     
   2.4463529656709397      -0.86957503351063314     
   2.5007245172291785      -0.85967172624248112     
   2.5566226051434473      -0.84675416367591061     
   2.6143963621258579      -0.83053382014365584     
   2.6744923804594039      -0.81062850542706333     
   2.7375032760960321      -0.78651722925347389     
   2.8042451049777215      -0.75746527655416807     
   2.8758668264440508      -0.72240501442186134     
   2.9538688606221051      -0.67982633985913843     
   3.0390261272426273      -0.62834518383836890     
   3.1275861492074868      -0.56955270501888988     
   3.2143355136656888      -0.50704645106343815     
   3.2984990151934257      -0.44200686800534611     
   3.3813125301781670      -0.37401361924752141     
   3.4641323850795502      -0.30226818927683063     
   3.5479275996392605      -0.22608373867318968     
   3.6328492571786359      -0.14541765449248870     
   3.7176043997428043       -6.1684203683035975E-002
   3.7999854019827550        2.2539671977369603E-002
   3.8787095168909667       0.10538519814505219     
   3.9538472606563246       0.18635863361757127     
   4.0260965955208539       0.26572059632624240     
   4.0962758638318117       0.34395951796072349     
   4.1651780961729417       0.42160420116280145     
   4.2335892260939874       0.49920993730584262     
   4.3023670737296742       0.57741283194806547     
   4.3725451994067379       0.65700437327705286     
   4.4453156096083051       0.73884542293295163     
   4.5206987834687675       0.82230498487746861     
   4.5206987834687675       0.82230498487746861     
   4.5860681831248780       0.89308246006165959     
   4.6504515394660189       0.96086774280502107     
   4.7097229067573556        1.0211759883642721     
   4.7643260452479588        1.0746194461112806     
   4.8153792461739213        1.1224764770550646     
   4.8637672667907195        1.1657182879370240     
   4.9101056649740489        1.2049969510338552     
   4.9548284472330844        1.2407534431921643     
   4.9982562093339791        1.2732965422062981     
   5.0406375163114330        1.3028494981432193     
   5.0821734763752646        1.3295772027188018     
   5.1230327746392401        1.3536024661390189     
   5.1633615047610188        1.3750162594323618     
   5.2032898952275897        1.3938843152535652     
   5.2429371974503578        1.4102514590882145     
   5.2824155157619934        1.4241444419598688     
   5.3218328921036475        1.4355736408740456     
   5.3612960693106197        1.4445339212675841     
   5.4009131495877289        1.4510047570426681     
   5.4407962358027806        1.4549496130471684     
   5.4810643996334472        1.4563145729478824     
   5.5218470948415854        1.4550260510833417     
   5.5632883697982995        1.4509873534068567     
   5.6055521430160891        1.4440737066557829     
   5.6488290061047515        1.4341252118129102     
   5.6933448984326747        1.4209370120299933     
   5.7393714841154297        1.4042460442056242     
   5.7872357340361882        1.3837149933808706     
   5.8373176683588479        1.3589200218300175     
   5.8899973956651852        1.3293713086113264     
   5.9454467370370132        1.2946589266482351     
   6.0031666622002575        1.2548629938318396     
   6.0617779052249077        1.2109254722127130     
   6.1199057396719763        1.1641351500867529     
   6.1769908578645101        1.1153439595344874     
   6.2331116822008932        1.0648835331331599     
   6.2885900430344233        1.0127957900844402     
   6.3437881620310907       0.95899818001332926     
   6.3990477797042100       0.90335298217860283     
   6.4546853709321219       0.84568718235861939     
   6.5110043640783557       0.78579161483404036     
   6.5683121844271595       0.72341031770815856     
   6.6269406494829637       0.65822195571300424     
   6.6872729309923375       0.58980993863170372     
   6.7497847750905224       0.51761192247441823     
   6.8151166186669903       0.44082740304092199     
   6.8842192384585204       0.35822801230383278     
   6.9587014896156418       0.26770270537840163     
   7.0418808915447846       0.16488341645845617     
   7.1424822731255722        3.8264975115008239E-002
   7.1424822731255722        3.8264975115008239E-002
   7.2258450084305306       -6.8381002579341849E-002
   7.3088172045458926      -0.17591216416924951     
   7.3858725153847011      -0.27683727504188405     
   7.4586159243535448      -0.37286329885051234     
   7.5287971338081583      -0.46598658707774537     
   7.5977273516447461      -0.55766934603937601     
   7.6665589303027426      -0.64915600463292666     
   7.7366073733110046      -0.74184804625916889     
   7.8097386195174003      -0.83772870432232760     
   7.8879880386913621      -0.93869578127881448     
   7.8879880386913621      -0.93869578127881448     
   7.9532130799455354       -1.0210294322469666     
   7.9532130799455354       -1.0210294322469666     
   8.0111910720031947       -1.0923871612638920     
   8.0683169058058031       -1.1606229868459446     
   8.1213866732355982       -1.2218236710561772     
   8.1707526816125835       -1.2765603335644227     
   8.2172293812481580       -1.3259072302980734     
   8.2614712907205359       -1.3706912148857622     
   8.3039492258680578       -1.4114855703192148     
   8.3450068687275252       -1.4486911714550432     
   8.3849056444671639       -1.4825967139557894     
   8.4238529572507819       -1.5134156023687155     
   8.4620194154677222       -1.5413080951256979     
   8.4995499163839376       -1.5663951847580446     
   8.5365709253632573       -1.5887674592034060     
   8.5731957142904349       -1.6084910650552040     
   8.6095281657424145       -1.6256116684319577     
   8.6456657980365712       -1.6401571227133782     
   8.6817021986851834       -1.6521391322586367     
   8.7177292330770229       -1.6615541870449384     
   8.7538390905148269       -1.6683838229339853     
   8.7901263381441623       -1.6725942592011036     
   8.8266901373902353       -1.6741353854823913     
   8.8636367437165386       -1.6729389984445338     
   8.9010825044748856       -1.6689161200437506     
   8.9391576189554893       -1.6619531092732576     
   8.9780109301137347       -1.6519061435110771     
   9.0178162380458478       -1.6385934356572811     
   9.0587804840342638       -1.6217843713399653     
   9.1011541551718498       -1.6011846167253494     
   9.1452424419996898       -1.5764172440182358     
   9.1914098185960178       -1.5470049378090878     
   9.2400488358871851       -1.5123793497178215     
   9.2914228933019984       -1.4720111866311745     
   9.3452403753432449       -1.4258513922834559     
   9.4002787735132216       -1.3748935383978820     
   9.4550930486057929       -1.3207267680640942     
   9.5090011935881460       -1.2644654319379023     
   9.5620238888604590       -1.2065427175869503     
   9.6144694420178620       -1.1470064558279043     
   9.6667029817410413       -1.0857459284158066     
   9.7190753473122946       -1.0225859009753744     
   9.7719167616867608      -0.95731191053968945     
   9.8255505588998631      -0.88966736632060295     
   9.8803132881106084      -0.81933740283342782     
   9.9365800660608823      -0.74592139770214128     
   9.9948002046517015      -0.66888804785717249     
   10.055554815173521      -0.58749717723935124     
   10.119664323642798      -0.50064910461242518     
   10.188421235758849      -0.40655469178803649     
   10.264191728576831      -0.30187929923831081     
   10.352125308851106      -0.17929921863557272     
   10.352125308851106      -0.17929921863557272     
   10.437337192379887       -5.9568128585818898E-002
   10.437337192379887       -5.9568128585818898E-002
   10.514765356196889        4.9877554603431594E-002
   10.591155713455999       0.15831191364539227     
   10.663876216386868       0.26179900469251199     
   10.733947196887197       0.36158383947519845     
   10.802559044745147       0.45915927695347103     
   10.870734740986475       0.55575502678962974     
   10.939484086282729       0.65252107076961974     
   11.009951716763071       0.75068462463689822     
   11.083072117294460       0.85099608813702532     
   11.083072117294460       0.85099608813702532     
   11.150661520305590       0.94184201136077328     
   11.150661520305590       0.94184201136077328     
   11.210896825660319        1.0208658227701404     
   11.270261869494826        1.0965614716408820     
   11.325216522867819        1.1643391126666987     
   11.376076381278319        1.2247890989281478     
   11.423724035805108        1.2791689427393922     
   11.468884083390629        1.3284680876830672     
   11.512079044376238        1.3733777151052113     
   11.553688281195821        1.4143823924193408     
   11.593997828717582        1.4518318614637351     
   11.633232300477115        1.4859857780515053     
   11.671574400742506        1.5170407253260128     
   11.709177407486710        1.5451471805412904     
   11.746173397537364        1.5704204586284289     
   11.782678941070262        1.5929480230756479     
   11.818799250489528        1.6127944963635286     
   11.854631411451665        1.6300051502339910     
   11.890266817368497        1.6446082051158009     
   11.925793340096961        1.6566163812681793     
   11.961297230393340        1.6660277548322917     
   11.996864856637783        1.6728260181630341     
   12.032584524083983        1.6769802116960109     
   12.068548375126047        1.6784438652339793     
   12.104854543516963        1.6771534873223450     
   12.141609770531918        1.6730262456459217     
   12.178932582157827        1.6659565948424684     
   12.216957414207098        1.6558114803350330     
   12.255840090987629        1.6424235299485250     
   12.295765240838772        1.6255813548921139     
   12.336956401185967        1.6050156945525291     
   12.379689699947543        1.5803796924927160     
   12.424310644859675        1.5512221391052239     
   12.471247309620820        1.5169578410389934     
   12.520985749582932        1.4768668755760275     
   12.573879416118078        1.4302616820947880     
   12.629543152362185        1.3771539270565807     
   12.686341451491407        1.3190661308008524     
   12.742581703830432        1.2580646776239792     
   12.797687998782509        1.1952959041800029     
   12.851848383418625        1.1310427518982531     
   12.905481024860054        1.0652084998684150     
   12.959014702944096       0.99757317739352003     
   13.012843410135481       0.92787369104071382     
   13.067336453191910       0.85581322641363411     
   13.122862118728774       0.78104566120119123     
   13.179816293275742       0.70314673604601174     
   13.238658759556710       0.62156963848716873     
   13.299967059420638       0.53557204745381870     
   13.364528722583326       0.44408522493899594     
   13.433518223395998       0.34545797231740805     
   13.508850161524311       0.23694179469706556     
   13.593457323293951       0.11428325626712593     
   13.684875352231092       -1.8882720887954556E-002
   13.770690838868173      -0.14418860856656029     
   13.849924363271398      -0.25986332092947806     
   13.925367404105474      -0.36971167825121987     
   13.999328027801875      -0.47682878419547814     
   14.073697260421451      -0.58361945333692211     
   14.150436135526514      -0.69241065302873983     
   14.230589350899216      -0.80394510334746661     
   14.230589350899216      -0.80394510334746661     
   14.297030734442838      -0.89427342641395935     
   14.297030734442838      -0.89427342641395935     
   14.356500209845789      -0.97308435691607431     
   14.415111605316698       -1.0485013326874848     
   14.469596646689068       -1.1162629878186987     
   14.520252607522641       -1.1769407195744854     
   14.567875964886539       -1.2316922724963262     
   14.613124531349884       -1.2814332114783482     
   14.656479191385719       -1.3268118959027546     
   14.698294212351609       -1.3682896049034494     
   14.738840199946761       -1.4062036813131489     
   14.778331873808266       -1.4408073063847879     
   14.816945407887074       -1.4722939753353490     
   14.854829586524859       -1.5008130017836390     
   14.892113304576254       -1.5264796972351933     
   14.928910826409112       -1.5493822479928840     
   14.965325655454361       -1.5695864677197091     
   15.001453511289137       -1.5871391030629920     
   15.037384705382294       -1.6020700923011040     
   15.073206175053993       -1.6143940532061760     
   15.109003303059623       -1.6241111306623242     
   15.144861595170537       -1.6312072753946689     
   15.180868426199385       -1.6356540132106709     
   15.217114905191410       -1.6374076521326542     
   15.253697919679162       -1.6364078563517299     
   15.290722662338927       -1.6325754591849200     
   15.328305702484837       -1.6258092705792997     
   15.366578969474643       -1.6159815261187995     
   15.405695021524297       -1.6029314245705539     
   15.445834252098905       -1.5864558864903624     
   15.487214889525530       -1.5662962194570003     
   15.530106867053284       -1.5421188110890593     
   15.574850374872186       -1.5134876388719303     
   15.621876227193601       -1.4798288912556119     
   15.671707203070325       -1.4404049634675011     
   15.724843383686524       -1.3943967332996936     
   15.781243347144065       -1.3414359285726138     
   15.839458630802666       -1.2827181740115445     
   15.897402728135900       -1.2205983858619924     
   15.954131343069347       -1.1566138436803488     
   16.009739302379110       -1.0911958642503470     
   16.064670182731305       -1.0242596312266623     
   16.119397288534902      -0.95556043844307181     
   16.174351494872649      -0.88480824966342875     
   16.229929294231109      -0.81168391046030808     
   16.286519151477975      -0.73582325699549100     
   16.344532554419875      -0.65678717351192095     
   16.404441654122817      -0.57401685950397252     
   16.466832540605438      -0.48676302216202955     
   16.532491672372107      -0.39396477766681520     
   16.602557157923972      -0.29403304062288355     
   16.678751283977601      -0.18451556252805681     
   16.763091755946796       -6.2525327905586653E-002
   16.852414123182275        6.7228324309468457E-002
   16.937798916005349       0.19146583344766727     
   17.018155773604196       0.30824054646334376     
   17.095786010902362       0.42057870999566493     
   17.173150870281667       0.53168813587351171     
   17.252962599265313       0.64495440955924865     
   17.338150140066919       0.76367890260817739     
   17.338150140066919       0.76367890260817739     
   17.406950502505367       0.85737667352076008     
   17.406950502505367       0.85737667352076008     
   17.467868868718167       0.93827605244265921     
   17.527933668319164        1.0157525941100742     
   17.583527406094969        1.0850860643042957     
   17.635026633033725        1.1469714404434677     
   17.683326537764529        1.2027062964626387     
   17.729145404769451        1.2532900026714631     
   17.772998041180703        1.2994176551459737     
   17.815258480850787        1.3415778892207093     
   17.856209641006135        1.3801253137194813     
   17.896074454712931        1.4153248593149474     
   17.935034892187002        1.4473785319277130     
   17.973243984550308        1.4764421097317955     
   18.010833852421516        1.5026360366029108     
   18.047921263470897        1.5260527180583914     
   18.084611685586161        1.5467615452005421     
   18.121002402589987        1.5648123991210394     
   18.157184982119819        1.5802380492705834     
   18.193247367269038        1.5930557442061704     
   18.229275696242304        1.6032681335034753     
   18.265356076392177        1.6108636460573025     
   18.301576273334799        1.6158163101752312     
   18.338027613684286        1.6180850474612760     
   18.374807034627164        1.6176123266854181     
   18.412019517216308        1.6143220784689336     
   18.449781178857293        1.6081166365362567     
   18.488223142856654        1.5988723666953766     
   18.527496692611095        1.5864334608659769     
   18.567780330727306        1.5706030536950299     
   18.609289435782603        1.5511304615457639     
   18.652289751683533        1.5276926939003579     
   18.697115431387765        1.4998681122420896     
   18.744189180418243        1.4671022176794246     
   18.794025966946585        1.4286803346799146     
   18.847133622950118        1.3837934900161102     
   18.903541425883837        1.3320080292892340     
   18.961927833022795        1.2743446944247909     
   19.020189677598566        1.2130941929706858     
   19.077269760517332        1.1498746296567257     
   19.133201262279645        1.0851875389553012     
   19.188412378602393        1.0189801480703791     
   19.243377059063327       0.95102101871207056     
   19.298529398926245       0.88102737342599602     
   19.354267640714522       0.80868661437225575     
   19.410979546076039       0.73364260836798922     
   19.469072957200211       0.65546725090127200     
   19.529012568072108       0.57361767260416285     
   19.591371410723973       0.48736867639826903     
   19.656913765502672       0.39569751734212721     
   19.726740792698859       0.29707659168582173     
   19.802525925765295       0.18913550371885701     
   19.886387920227442        6.8848591132650377E-002
   19.976025593236844       -6.0386168924850075E-002
   20.062116650953691      -0.18481879149005168     
   20.142940497341730      -0.30158467618768597     
   20.220755477199681      -0.41361555990323406     
   20.298053244160663      -0.52414723458732626     
   20.377542137906929      -0.63656294528109558     
   20.462594216960678      -0.75480481366148622     
   20.462594216960678      -0.75480481366148622     
   20.532910119600931      -0.85040038798443396     
   20.532910119600931      -0.85040038798443396     
   20.594670976781348      -0.93230601010493641     
   20.655582851892646       -1.0107929737300272     
   20.711784518545016       -1.0808294649194536     
   20.763705411413685       -1.1431888305502536     
   20.812311772567529       -1.1992636953748654     
   20.858366072957359       -1.2501102675587645     
   20.902407867814887       -1.2964544370521554     
   20.944825355291499       -1.3388019241163280     
   20.985910130147836       -1.3775174846496261     
   21.025890750079036       -1.4128724381820850     
   21.064953044918781       -1.4450730565951684     
   21.103252804969678       -1.4742780968969513     
   21.140924204920214       -1.5006101755346184     
   21.178085559776306       -1.5241633205139398     
   21.214843572580698       -1.5450082013265194     
   21.251296496499137       -1.5631957125219327     
   21.287536692098548       -1.5787594633440214     
   21.323652747474121       -1.5917174133640681     
   21.359731365649854       -1.6020728449072663     
   21.395859106809937       -1.6098147513857508     
   21.432124189511814       -1.6149177013170619     
   21.468618293724067       -1.6173411253949448     
   21.505438708791946       -1.6170280032272235     
   21.542690766393143       -1.6139027836725222     
   21.580490900336400       -1.6078683441959720     
   21.618970567860824       -1.5988016365457631     
   21.658281385687165       -1.5865475079141955     
   21.698602156513054       -1.5709098724585102     
   21.740148505771213       -1.5516390315820010     
   21.783186207247478       -1.5284133840770771     
   21.828048734544826       -1.5008136026005869     
   21.875156145234509       -1.4682897345599606     
   21.925015129863784       -1.4301375902434303     
   21.978110535365214       -1.3855740384224429     
   22.034425587119618       -1.3342167330378663     
   22.092619248902672       -1.2771137054964270     
   22.150655253316700       -1.2164856236501727     
   22.207531290646926       -1.1538813248258641     
   22.263287438204429       -1.0897856226851406     
   22.318342130750853       -1.0241526068306332     
   22.373159119050090      -0.95676156298199710     
   22.428164735468673      -0.88733922044178382     
   22.483751243582748      -0.81558113972357860     
   22.540301176206849      -0.74113888777864489     
   22.598217086902025      -0.66359249626345873     
   22.657957607413294      -0.58240858723319178     
   22.720088211964008      -0.49687383437041344     
   22.785363971625650      -0.40598003724951720     
   22.854878169663262      -0.30821262668651178     
   22.930322540009971      -0.20117677874474138     
   23.014030822281537       -8.1534976665444944E-002
   23.104300170704427        4.8214609682729073E-002
   23.190933455701682       0.17312144042750624     
   23.271821849636599       0.28976155795104047     
   23.349311482412286       0.40118915610923417     
   23.425879958969794       0.51063435743860275     
   23.504013263811629       0.62120940647659817     
   23.586828925853503       0.73661026047751410     
   23.586828925853503       0.73661026047751410     
   23.659895457834910       0.83631484284298874     
   23.659895457834910       0.83631484284298874     
   23.723191155730813       0.92062009447323612     
   23.723191155730813       0.92062009447323612     
   23.780465465486103       0.99488250801924760     
   23.836886630608142        1.0658163840336710     
   23.889695173712155        1.1298985542857261     
   23.939129985157120        1.1875882648778051     
   23.985855232204358        1.2398342753006093     
   24.030431698738951        1.2874014119315011     
   24.073278820250120        1.3308419450744227     
   24.114712068680941        1.3705552524601869     
   24.154976699945490        1.4068369377249315     
   24.194270186846509        1.4399105659339990     
   24.232756663679492        1.4699477016771187     
   24.270576329446133        1.4970807408875912     
   24.307851952139920        1.5214114917091783     
   24.344693479389701        1.5430169896783441     
   24.381201524078737        1.5619535427660414     
   24.417470062968061        1.5782595056635438     
   24.453588704838580        1.5919571648485260     
   24.489644634159841        1.6030538893690593     
   24.525724372767765        1.6115426775905473     
   24.561915548685477        1.6174021755464587     
   24.598308741749868        1.6205961419902735     
   24.634999483610653        1.6210723072414768     
   24.672090609211018        1.6187605283456288     
   24.709695125330477        1.6135700447548464     
   24.747939840940859        1.6053855362161660     
   24.786970148164922        1.5940615125021984     
   24.826956384108012        1.5794143452361240     
   24.868102686590912        1.5612108087950343     
   24.910659079274854        1.5391516178692284     
   24.954937739636900        1.5128479850814776     
   25.001331947474686        1.4817905667998905     
   25.050324621161142        1.4453204078208988     
   25.102424488021338        1.4026614803707511     
   25.157820444755870        1.3532477018698077     
   25.215570737319396        1.2976642275049295     
   25.273654825182486        1.2379712997938059     
   25.330729779571783        1.1759997228455996     
   25.386625137208494        1.1124721930197103     
   25.441700485083985        1.0474422767257188     
   25.496417381161439       0.98072224781631212     
   25.551210278593121       0.91205252457726627     
   25.606475945198934       0.84114101619213633     
   25.662594337366588       0.76765682012956549     
   25.719956738908110       0.69120661015464346     
   25.778999176468414       0.61129771239255992     
   25.840247493270471       0.52728050185618403     
   25.904388328869992       0.43825090748954310     
   25.972394767180990       0.34287231972881549     
   26.045758642875786       0.23904217219894702     
   26.126764425586597       0.12349667575463719     
   26.216257068223623       -4.9612262934392616E-003
   26.304799475031295      -0.13256376596236874     
   26.387177204988387      -0.25141552756541208     
   26.465243820841938      -0.36384889278449067     
   26.541556842262160      -0.47323246868229268     
   26.618467336798293      -0.58255414980512921     
   26.698737578208551      -0.69516146273197787     
   26.784033093078047      -0.81245355663553831     
   26.784033093078047      -0.81245355663553831     
   26.849410287366315      -0.90016836218891516     
   26.849410287366315      -0.90016836218891516     
   26.908127800491801      -0.97692185035959467     
   26.965988786064425       -1.0503167065703407     
   27.019897617162997       -1.1163703878335283     
   27.070144650286363       -1.1756282237643596     
   27.117484390748640       -1.2291715765793856     
   27.162540412757604       -1.2778557641171036     
   27.205770764664841       -1.3222886537738781     
   27.247514873416470       -1.3629044603513631     
   27.288033494842370       -1.4000217709326059     
   27.327534625995284       -1.4338801943400028     
   27.366189772492408       -1.4646630123328954     
   27.404144463650624       -1.4925115732607905     
   27.441525351800223       -1.5175347611788614     
   27.478445225212880       -1.5398154068993795     
   27.515006730230784       -1.5594147206652897     
   27.551305255837793       -1.5763753598216197     
   27.587431279203805       -1.5907235094211967     
   27.623472371368507       -1.6024702039882326     
   27.659514990136724       -1.6116120214982705     
   27.695646256114586       -1.6181312403870143     
   27.731955751226966       -1.6219954422476708     
   27.768537467506224       -1.6231565331996136     
   27.805492042549442       -1.6215490937576698     
   27.842929472806780       -1.6170878906146833     
   27.880972547064200       -1.6096642728689696     
   27.919761236621611       -1.5991410516620186     
   27.959458632901768       -1.5853452126607099     
   28.000259043726068       -1.5680574870221360     
   28.042399139630447       -1.5469973528718932     
   28.086173146696421       -1.5218015401869136     
   28.131951548200988       -1.4919947311936910     
   28.180195172829237       -1.4569575176710725     
   28.231421964679370       -1.4159308669273112     
   28.285965747521821       -1.3682292919350836     
   28.343253144340110       -1.3140353412802297     
   28.401402678050882       -1.2551385361097449     
   28.458760730404048       -1.1935991577518055     
   28.514906476708529       -1.1304065840646911     
   28.570119981845131       -1.0657341725448224     
   28.624857012410001      -0.99943170090856293     
   28.679562371302666      -0.93125101176276270     
   28.734640978565871      -0.86090780560591684     
   28.790474468586240      -0.78808285886021290     
   28.847448181392185      -0.71240180643153961     
   28.905982790397712      -0.63340204195477434     
   28.966575406532641      -0.55048165634899837     
   29.029861846696306      -0.46281501378704065     
   29.096724082552846      -0.36920123237101021     
   29.168489387887679      -0.26777885040502758     
   29.247237310085453      -0.15558319268638679     
   29.334922730033796       -2.9814095112004967E-002
   29.424719945826894        9.9580122859569173E-002
   29.508619305872365       0.22069800691531555     
   29.587529523986625       0.33449348193579526     
   29.664050966721302       0.44440441374127571     
   29.740542965837768       0.55346609477616782     
   29.819583463711751       0.66484511432611693     
   29.903852809849401       0.78147573633663547     
   29.903852809849401       0.78147573633663547     
   29.972131164959759       0.87382484461532139     
   29.972131164959759       0.87382484461532139     
   30.032666585407359       0.95366212695893193     
   30.092347096649352        1.0301062383406683     
   30.147626185132687        1.0985570789012156     
   30.198870868992810        1.1596863854809096     
   30.246959718464755        1.2147574586933290     
   30.292599535870600        1.2647454995299565     
   30.336297956971251        1.3103297542873322     
   30.378424394395868        1.3519880444832846     
   30.419258685118400        1.3900672264980676     
   30.459021587529246        1.4248263452419072     
   30.497893503548902        1.4564627598814730     
   30.536026333974572        1.4851284611966806     
   30.573551402159023        1.5109407139678599     
   30.610584891501905        1.5339891471319889     
   30.647231936600583        1.5543407099579249     
   30.683589664014825        1.5720430467633826     
   30.719749676361506        1.5871268341644247     
   30.755800126752558        1.5996072952053189     
   30.791827564292756        1.6094850637801947     
   30.827918700319355        1.6167464890792995     
   30.864162172139050        1.6213633944486181     
   30.900650441752820        1.6232922757438144     
   30.937481956394553        1.6224728566755646     
   30.974763683945980        1.6188258579363231     
   31.012614294029632        1.6122497510985989     
   31.051168247010061        1.6026161266471872     
   31.090581246849609        1.5897631031289583     
   31.131037594138036        1.5734859318126486     
   31.172760405593074        1.5535234637803532     
   31.216025552017612        1.5295387206663289     
   31.261179699236884        1.5010917524846861     
   31.308657791732589        1.4676067061770448     
   31.358972708016420        1.4283566313125855     
   31.412563140609596        1.3825832916978880     
   31.469217108669980        1.3300965713427535     
   31.527352742090727        1.2722567699414327     
   31.585048503621639        1.2112675145042411     
   31.641546524725111        1.1484517636221803     
   31.696996131810970        1.0841581098087139     
   31.751834253360805        1.0182944968182459     
   31.806516505184195       0.95062908851415262     
   31.861459086680942       0.88088556246023186     
   31.917048269188040       0.80875547689078098     
   31.973665745025247       0.73388248235396236     
   32.031718864592946       0.65583284173378908     
   32.091678196533266       0.57405053800197803     
   32.154131967115582       0.48778483433044856     
   32.219877096937637       0.39596291466413464     
   32.290085419968634       0.29695245203083437     
   32.366591365368329       0.18814734348466311     
   32.451763750187105        6.6153011771376669E-002
   32.542238830141365       -6.4119962409856360E-002
   32.627920462385227      -0.18781449854525253     
   32.707991237385222      -0.30337575729013472     
   32.784977325441560      -0.41413177746880092     
   32.861300416168319      -0.52323330789227174     
   32.939415899682182      -0.63373706477310177     
   33.022291390449539      -0.74910222092312084     
   33.022291390449539      -0.74910222092312084     
   33.093966823968941      -0.84676064483849567     
   33.093966823968941      -0.84676064483849567     
   33.156504048354115      -0.92991009909056610     
   33.218196007687290       -1.0096364139464455     
   33.274956090324366       -1.0805997952670821     
   33.327253458097537       -1.1436375300350985     
   33.376119208370064       -1.2002353932160166     
   33.422358257352386       -1.2515091054160470     
   33.466534612804701       -1.2982184936767727     
   33.509050797466735       -1.3408891076346074     
   33.550207200108893       -1.3798979447305970     
   33.590238132664453       -1.4155244150246804     
   33.629333335598567       -1.4479804038782242     
   33.667651352150934       -1.4774287499554084     
   33.705328328277467       -1.5039951500124489     
   33.742484033213763       -1.5277760605960924     
   33.779226192878376       -1.5488440981614833     
   33.815653787057585       -1.5672517956185497     
   33.851859656719903       -1.5830341860854504     
   33.887932673673625       -1.5962105185748758     
   33.923959622793362       -1.6067852806019800     
   33.960027003286612       -1.6147486544332563     
   33.996222738281325       -1.6200764096306073     
   34.032638074395301       -1.6227292671728213     
   34.069369597941495       -1.6226516310681740     
   34.106521712902214       -1.6197695922386690     
   34.144209586116133       -1.6139879815858937     
   34.182562979085944       -1.6051861535326271     
   34.221731257998520       -1.5932119958451532     
   34.261890179743986       -1.5778733917267798     
   34.303251251887616       -1.5589259514070477     
   34.346074584246971       -1.5360553603343639     
   34.390685973672547       -1.5088523784378487     
   34.437495723882392       -1.4767806193306112     
   34.487001559365460       -1.4391511146082454     
   34.539695785545852       -1.3951827447484737     
   34.595631789911621       -1.3444297721890468     
   34.653597884293845       -1.2877910024960562     
   34.711555897696030       -1.2274476129421061     
   34.768398707203609       -1.1650395140326824     
   34.824103984783939       -1.1011235062607689     
   34.879072065552670       -1.0356839736135830     
   34.933764900672180      -0.96851109259103818     
   34.988610059804330      -0.89933689976441245     
   35.043999916197080      -0.82786209327602756     
   35.100314841974956      -0.75374526138398701     
   35.157952278362494      -0.67657673713736866     
   35.217361687724335      -0.59583859243425219     
   35.279093172855532      -0.51084133647190910     
   35.343875851812101      -0.42061532041075156     
   35.412758534186061      -0.32371057621856281     
   35.487364883336141      -0.21782995859981127     
   35.570067138983944       -9.9578345879199517E-002
   35.660265534377679        3.0145806587669948E-002
   35.747617559295414       0.15619992015271980     
   35.828962212709328       0.27364002066808063     
   35.906537887853602       0.38536841011083534     
   35.982842487683413       0.49466213929635500     
   36.060260245966859       0.60452585382513968     
   36.141696680852370       0.71843706980184208     
   36.141696680852370       0.71843706980184208     
   36.217036133106767       0.82172946829574589     
   36.217036133106767       0.82172946829574589     
   36.281601516811492       0.90816926015081589     
   36.281601516811492       0.90816926015081589     
   36.339728830085015       0.98396325282211694     
   36.397000939414781        1.0564091449642254     
   36.450462693446937        1.1217139214527989     
   36.500381453797779        1.1803854694139211     
   36.547473285257581        1.2334497485380072     
   36.592335479021351        1.2817249822870862     
   36.635410139765078        1.3257966487609349     
   36.677026884619998        1.3660851317027942     
   36.717440181390678        1.4029000321108698     
   36.756853794168038        1.4364747744496140     
   36.795436251106281        1.4669881545896464     
   36.833330946413191        1.4945781415717088     
   36.870662939304076        1.5193509499809950     
   36.907543866593059        1.5413872626621088     
   36.944075529149913        1.5607464826862336     
   36.980352707653694        1.5774696933214534     
   37.016465466527478        1.5915816617264185     
   37.052501137042150        1.6030921012973982     
   37.088546124392003        1.6119963196303830     
   37.124687645550608        1.6182753123791613     
   37.161015521795477        1.6218953190687611     
   37.197624182751042        1.6228067976158846     
   37.234614921874190        1.6209427039550000     
   37.272098651888633        1.6162159191818040     
   37.310199408757640        1.6085155336000474     
   37.349058858113679        1.5977015666637722     
   37.388842370922838        1.5835974563440418     
   37.429747358750895        1.5659792953906622     
   37.472014756996046        1.5445603355709658     
   37.515944605533520        1.5189688145638531     
   37.561915006471907        1.4887179194807496     
   37.610394985508393        1.4531741419130881     
   37.661903280433322        1.4115688300808544     
   37.716736743775407        1.3632440028085688     
   37.774209265412672        1.3085025300850646     
   37.832373797186605        1.2492416372137425     
   37.889664550016732        1.1874656054461237     
   37.945745778181241        1.1240767994915648     
   38.000928057843531        1.0592054340282000     
   38.055671471024652       0.99268619996120455     
   38.110418622181847       0.92426549671881875     
   38.165572424141537       0.85365535105007595     
   38.221514448475993       0.78053181401769822     
   38.278632437247559       0.70451345563804391     
   38.337352563127254       0.62512694255285994     
   38.398181853038416       0.54175379482660391     
   38.461773262796193       0.45354172879917742     
   38.529038731589161       0.35924490986233260     
   38.601357957171572       0.25692459834733272     
   38.680873410097355       0.14352370507028217     
   38.769198958236821        1.6735529523343486E-002
   38.858528670835092      -0.11205162983985464     
   38.941867138875963      -0.23238371171656469     
   39.020493290672277      -0.34575577802740387     
   39.096989691353500      -0.45557844307304513     
   39.173717847514375      -0.56487649818443253     
   39.253348357015994      -0.67691538365966941     
   39.338270310818515      -0.79416606945189949     
   39.338270310818515      -0.79416606945189949     
   39.405239645341531      -0.88446050191078607     
   39.405239645341531      -0.88446050191078607     
   39.464970997839423      -0.96296175192843769     
   39.523845952582604       -1.0380830368484424     
   39.578523698213552       -1.1055051008839141     
   39.629335258722662       -1.1658409347218144     
   39.677102059830290       -1.2202706027212971     
   39.722492924307559       -1.2697150472649146     
   39.765993091402983       -1.3148216042630094     
   39.807958555207165       -1.3560488265706161     
   39.848660665297672       -1.3937311945048931     
   39.888314536544065       -1.4281193210642640     
   39.927096649183632       -1.4594045037485075     
   39.965156103637796       -1.4877341852319195     
   40.002622175938974       -1.5132220750519185     
   40.039609557445729       -1.5359549348911594     
   40.076222287999606       -1.5559973095242592     
   40.112556712998888       -1.5733947613134289     
   40.148703931586049       -1.5881761102052292     
   40.184751799518814       -1.6003548482336467     
   40.220786791757526       -1.6099299502265179     
   40.256895751048020       -1.6168861077019374     
   40.293167668768533       -1.6211934247873989     
   40.329695583148080       -1.6228065434481627     
   40.366578797091236       -1.6216631200876019     
   40.403925458279993       -1.6176814908366119     
   40.441855860230149       -1.6107572834754360     
   40.480506627915744       -1.6007585950756735     
   40.520036389258458       -1.5875191205636316     
   40.560633385037683       -1.5708283604368551     
   40.602526081562807       -1.5504175033224714     
   40.645997646519284       -1.5259391536979467     
   40.691404344709710       -1.4969392517286666     
   40.739192040084227       -1.4628241449744590     
   40.789878204340667       -1.4228517134589125     
   40.843867887382650       -1.3762840423844065     
   40.900814640545171       -1.3230662971244969     
   40.958998678804363       -1.2647446287568329     
   41.016586904686740       -1.2034881724694404     
   41.072961420774661       -1.1404853282031491     
   41.128330612539933       -1.0760084895861153     
   41.183141888420444       -1.0099389572017807     
   41.237847521718294      -0.94203691135502621     
   41.292859498180412      -0.87202219753462573     
   41.348562374289934      -0.79958166604371750     
   41.405339424136642      -0.72435143193209617     
   41.463603457128492      -0.64588590428424153     
   41.523835727065432      -0.56361051440372767     
   41.586643479110670      -0.47674452074651769     
   41.652857119268482      -0.38416460310448908     
   41.723708952470474      -0.28414923542581927     
   41.801129097520977      -0.17395237852614417     
   41.887364030220660       -5.0355052182398642E-002
   41.977622160751913        7.9654788671261342E-002
   42.062547126595042       0.20226097082694908     
   42.142128918002584       0.31708053560276001     
   42.218938792503117       0.42750792857923470     
   42.295373314609236       0.53664623634305664     
   42.373951656589519       0.64761399453872537     
   42.457601757065760       0.76375617051653377     
   42.457601757065760       0.76375617051653377     
   42.527649809018833       0.85888044498995786     
   42.527649809018833       0.85888044498995786     
   42.589244210044519       0.94047574455410499     
   42.649987798357614        1.0186607292836813     
   42.706054596694443        1.0884528607308226     
   42.757863576765253        1.1506082860033209     
   42.806371762632317        1.2065048274313417     
   42.852336822099318        1.2571906149435266     
   42.896295866167542        1.3033870862924108     
   42.938635725342195        1.3455972229598401     
   42.979647118706794        1.3841838786150085     
   43.019558016330635        1.4194169627144149     
   43.058553771154074        1.4515015860540921     
   43.096789851559699        1.4805955820018277     
   43.134400146686573        1.5068207472187374     
   43.171502762594614        1.5302704023123439     
   43.208204242799297        1.5510145794663703     
   43.244602696432558        1.5691035716866990     
   43.280790387023650        1.5845704278559711     
   43.316855838239469        1.5974325658330062     
   43.352885734456507        1.6076927348600087     
   43.388966636727986        1.6153393807978218     
   43.425186791297406        1.6203465012446261     
   43.461637994575533        1.6226729215852020     
   43.498417662534337        1.6222609484703361     
   43.535631330598193        1.6190342731531597     
   43.573395746904303        1.6128948885336596     
   43.611842772131638        1.6037186900591065     
   43.651124590594407        1.5913492247331764     
   43.691420790544619        1.5755887605477197     
   43.732948047987144        1.5561854771768351     
   43.775973503265192        1.5328150143757557     
   43.820832327111553        1.5050544800918673     
   43.867946048631183        1.4723498038119289     
   43.917820288591997        1.4339941474197146     
   43.970927521337067        1.3892124072100231     
   44.027209764547152        1.3376637910180302     
   44.085280164096247        1.2804593717300270     
   44.143134580961977        1.2198108248592856     
   44.199826717253693        1.1572155696214501     
   44.255418668162115        1.0931302768821149     
   44.310330161557239        1.0275015691124973     
   44.365020966094399       0.96010860411566712     
   44.419913476764322       0.89067944851073522     
   44.475397152815155       0.81891070463644089     
   44.531852786447089       0.74445433591655652     
   44.589682071659105       0.66689003873499997     
   44.649343726162144       0.58568303441845571     
   44.711404589222390       0.50011684749732954     
   44.776623430881664       0.40917664866291198     
   44.846102750871623       0.31133287704315959     
   44.921559296543819       0.20415203614197047     
   45.005392051221889        8.4198529268367572E-002
   45.095839050629110       -4.5943678578465409E-002
   45.182437162683456      -0.17092615374788250     
   45.263180648956279      -0.28747344975542027     
   45.340473171930277      -0.39873140026985804     
   45.416777628361210      -0.50791933048329663     
   45.494507745969699      -0.61806185559428983     
   45.576626736296930      -0.73266967454039644     
   45.576626736296930      -0.73266967454039644     
   45.650217916471490      -0.83327440135732256     
   45.650217916471490      -0.83327440135732256     
   45.713827561792407      -0.91816394156276382     
   45.713827561792407      -0.91816394156276382     
   45.771315652294859      -0.99286020482970150     
   45.827950081855391       -1.0642221229875035     
   45.880921589915921       -1.1286557378024125     
   45.930475259630093       -1.1866316074858052     
   45.977288110749953       -1.2391183405440636     
   46.021930246585569       -1.2868949475010358     
   46.064827028672347       -1.3305227646062430     
   46.106297649773175       -1.3704069901797182     
   46.146589819079516       -1.4068471789072448     
   46.185902692110496       -1.4400697136309564     
   46.224401578501272       -1.4702482467868780     
   46.262227505105429       -1.4975167792700461     
   46.299503843521151       -1.5219784134227805     
   46.336340954218663       -1.5437112477407979     
   46.372839744985974       -1.5627725113820778     
   46.409094350257014       -1.5792013623589973     
   46.445194452782317       -1.5930208321212913     
   46.481227193774174       -1.6042389907055601     
   46.517279001914062       -1.6128495436894770     
   46.553437279092321       -1.6188318528011190     
   46.589792277650581       -1.6221504464292944     
   46.626439076053693       -1.6227539111157758     
   46.663479919258762       -1.6205730887452181     
   46.701027018110807       -1.6155183885256030     
   46.739206146934073       -1.6074759222846675     
   46.778161292247610       -1.5963020169491906     
   46.818060989643477       -1.5818153831781614     
   46.859106935462222       -1.5637859044415279     
   46.901545869379881       -1.5419185026945792     
   46.945685659295258       -1.5158300892121037     
   46.991914339093945       -1.4850187622282602     
   47.040710535331591       -1.4488334733971202     
   47.092588687226069       -1.4064980712251853     
   47.147781146084526       -1.3574078443705238     
   47.205438717392440       -1.3020448371811657     
   47.263555675809215       -1.2424244892144667     
   47.320705250872777       -1.1804479880785370     
   47.376661227363080       -1.1169006498012179     
   47.431768257991607       -1.0518607298239564     
   47.486488518867198      -0.98514679743312927     
   47.541259867832125      -0.91650036606780649     
   47.596481512840242      -0.84563011619416895     
   47.652534185712121      -0.77220703893241260     
   47.709808167970209      -0.69584141327027915     
   47.768736319517906      -0.61604671221282870     
   47.829838182273761      -0.53218355814404439     
   47.893788882734142      -0.44336530340148955     
   47.961540230273179      -0.34828650408325362     
   48.034543800461904      -0.24490274399736953     
   48.115030082505442      -0.13002790612087073     
   48.204114762026556       -2.0754262177225258E-003
   48.292891126958942       0.12595144271600542     
   48.375572306353277       0.24533074622659551     
   48.453830331328611       0.35813256210177347     
   48.530228797117637       0.46773796850420757     
   48.607125250200717       0.57715162586767021     
   48.687262502991693       0.68970763694164638     
   48.772518049723587       0.80711605828553501     
   48.772518049723587       0.80711605828553501     
   48.838289479171337       0.89550737632690991     
   48.838289479171337       0.89550737632690991     
   48.897264622163284       0.97273567703273567     
   48.955383074717183        1.0465982924781936     
   49.009489516405104        1.1130292935176496     
   49.059883670589116        1.1725901508681214     
   49.107336043643613        1.2263864650890783     
   49.152481211888642        1.2752899950662380     
   49.195783897822523        1.3199186574864670     
   49.237587614328753        1.3607129548876646     
   49.278155790428237        1.3979956903903801     
   49.317698224488794        1.4320094291725631     
   49.356387681999287        1.4629396327766948     
   49.394370598977972        1.4909293294632857     
   49.431774285175322        1.5160887444526157     
   49.468711996542702        1.5385018128277266     
   49.505286730084151        1.5582307017875434     
   49.541594108547585        1.5753189098773173     
   49.577724734293596        1.5897933843606622     
   49.613766226678315        1.6016658850853143     
   49.649805007564062        1.6109336996785821     
   49.685928071415475        1.6175798263543573     
   49.722224785726524        1.6215726063656548     
   49.758788812852437        1.6228647749105023     
   49.795720333073277        1.6213918519122676     
   49.833128766187677        1.6170696974675780     
   49.871136064413271        1.6097909821928327     
   49.909881144571095        1.5994201489201936     
   49.949525651781016        1.5857862703067611     
   49.990261941118376        1.5686728162704591     
