   0.0000000000000000        5.0000000000000000     
   0.0000000000000000        5.8797970636092461E-002
   0.0000000000000000        5.1686086342581046E-002
   5.1686086342581046E-002   5.0844527014804769E-002
  0.10253061335738581        5.0546226827276615E-002
  0.15307684018466242        5.0383842601156976E-002
  0.20346068278581939        5.0273669354270162E-002
  0.25373435214008955        5.0197075242054585E-002
  0.30393142738214413        5.0149068790928092E-002
  0.35408049617307225        5.0128008626352874E-002
  0.40420850479942511        5.0133536149144863E-002
  0.45434204094856995        5.0166172315199049E-002
  0.50450821326376905        5.0227251902946309E-002
  0.55473546516671535        5.0318906107043912E-002
  0.60505437127375927        5.0444078093488567E-002
  0.65549844936724788        5.0606508464170703E-002
  0.70610495783141858        5.0810739060649070E-002
  0.75691569689206761        5.1062056862400576E-002
  0.80797775375446823        5.1366415723860831E-002
  0.85934416947832903        5.1730221195336178E-002
  0.91107439067366525        5.2159924250542597E-002
  0.96323431492420786        5.2661229047000269E-002
   1.0158955439712081        5.3237581876924137E-002
   1.0691331258481322        5.3887424002026015E-002
   1.1230205498501582        5.4599508808666319E-002
   1.1776200586588246        5.5345444754110039E-002
   1.2329655034129345        5.6070019752830977E-002
   1.2890355231657655        5.6683476906179073E-002
   1.3457190000719446        5.7067569859470264E-002
   1.4027865699314148        5.7109644270608835E-002
   1.4598962142020238        5.6758808311181463E-002
   1.5166550225132052        5.6061254500912469E-002
   1.5727162770141176        5.5137833476712222E-002
   1.6278541104908300        5.4125994930017927E-002
   1.6819801054208479        5.3135125457887858E-002
   1.7351152308787356        5.2233775500323411E-002
   1.7873490063790591        5.1457036160523537E-002
   1.8388060425395827        5.0818877780581716E-002
   1.8896249203201645        5.0322169503661328E-002
   1.9399470898238258        4.9965025534955895E-002
   1.9899121153587818        4.9744392482537605E-002
   2.0396565078413196        4.9657940134806601E-002
   2.0893144479761263        4.9705073636787049E-002
   2.1390195216129135        4.9887537604028344E-002
   2.1889070592169420        5.0209919773100999E-002
   2.2391169789900429        5.0680198165496002E-002
   2.2897971771555388        5.1310474103719278E-002
   2.3411076512592581        5.2118080905976694E-002
   2.3932257321652348        5.3127233505705009E-002
   2.4463529656709397        5.4371551558238765E-002
   2.5007245172291785        5.5898087914268889E-002
   2.5566226051434473        5.7773756982410746E-002
   2.6143963621258579        6.0096018333546088E-002
   2.6744923804594039        6.3010895636628192E-002
   2.7375032760960321        6.6741828881689363E-002
   2.8042451049777215        7.1621721466329141E-002
   2.8758668264440508        7.8002034178054472E-002
   2.9538688606221051        8.5157266620522171E-002
   3.0390261272426273        8.8560021964859514E-002
   3.1275861492074868        8.6749364458201958E-002
   3.2143355136656888        8.4163501527737050E-002
   3.2984990151934257        8.2813514984741113E-002
   3.3813125301781670        8.2819854901383175E-002
   3.4641323850795502        8.3795214559710132E-002
   3.5479275996392605        8.4921657539375472E-002
   3.6328492571786359        8.4755142564168176E-002
   3.7176043997428043        8.2381002239950610E-002
   3.7999854019827550        7.8724114908211629E-002
   3.8787095168909667        7.5137743765357937E-002
   3.9538472606563246        7.2249334864529557E-002
   4.0260965955208539        7.0179268310957582E-002
   4.0962758638318117        6.8902232341129604E-002
   4.1651780961729417        6.8411129921045755E-002
   4.2335892260939874        6.8777847635686548E-002
   4.3023670737296742        7.0178125677064093E-002
   4.3725451994067379        7.2770410201566937E-002
   4.4453156096083051        7.5383173860462588E-002
   4.5206987834687675        7.2886602286083249E-002
   4.5206987834687675        6.5369399656110855E-002
   4.5860681831248780        6.4383356341140840E-002
   4.6504515394660189        5.9271367291336981E-002
   4.7097229067573556        5.4603138490602977E-002
   4.7643260452479588        5.1053200925962376E-002
   4.8153792461739213        4.8388020616798359E-002
   4.8637672667907195        4.6338398183329139E-002
   4.9101056649740489        4.4722782259035705E-002
   4.9548284472330844        4.3427762100894891E-002
   4.9982562093339791        4.2381306977454201E-002
   5.0406375163114330        4.1535960063832068E-002
   5.0821734763752646        4.0859298263975177E-002
   5.1230327746392401        4.0328730121778435E-002
   5.1633615047610188        3.9928390466570901E-002
   5.2032898952275897        3.9647302222768140E-002
   5.2429371974503578        3.9478318311635743E-002
   5.2824155157619934        3.9417376341654278E-002
   5.3218328921036475        3.9463177206972289E-002
   5.3612960693106197        3.9617080277109286E-002
   5.4009131495877289        3.9883086215051954E-002
   5.4407962358027806        4.0268163830666233E-002
   5.4810643996334472        4.0782695208138382E-002
   5.5218470948415854        4.1441274956714402E-002
   5.5632883697982995        4.2263773217789666E-002
   5.6055521430160891        4.3276863088662548E-002
   5.6488290061047515        4.4515892327923329E-002
   5.6933448984326747        4.6026585682754674E-002
   5.7393714841154297        4.7864249920758668E-002
   5.7872357340361882        5.0081934322659762E-002
   5.8373176683588479        5.2679727306337416E-002
   5.8899973956651852        5.5449341371827846E-002
   5.9454467370370132        5.7719925163244028E-002
   6.0031666622002575        5.8611243024650088E-002
   6.0617779052249077        5.8127834447068837E-002
   6.1199057396719763        5.7085118192534041E-002
   6.1769908578645101        5.6120824336382921E-002
   6.2331116822008932        5.5478360833530492E-002
   6.2885900430344233        5.5198118996667170E-002
   6.3437881620310907        5.5259617673119474E-002
   6.3990477797042100        5.5637591227912328E-002
   6.4546853709321219        5.6318993146234224E-002
   6.5110043640783557        5.7307820348803634E-002
   6.5683121844271595        5.8628465055804352E-002
   6.6269406494829637        6.0332281509373448E-002
   6.6872729309923375        6.2511844098184652E-002
   6.7497847750905224        6.5331843576467888E-002
   6.8151166186669903        6.9102619791530540E-002
   6.8842192384585204        7.4482251157121204E-002
   6.9587014896156418        8.3179401929142444E-002
   7.0418808915447846       0.10060138158078726     
   7.1424822731255722        9.9453788135657611E-002
   7.1424822731255722        8.3362735304958843E-002
   7.2258450084305306        8.2972196115362107E-002
   7.3088172045458926        7.7055310838808885E-002
   7.3858725153847011        7.2743408968844084E-002
   7.4586159243535448        7.0181209454613050E-002
   7.5287971338081583        6.8930217836588259E-002
   7.5977273516447461        6.8831578657996495E-002
   7.6665589303027426        7.0048443008262087E-002
   7.7366073733110046        7.3131246206396217E-002
   7.8097386195174003        7.8249419173961540E-002
   7.8879880386913621        7.6516662515540540E-002
   7.8879880386913621        6.5225041254173305E-002
   7.9532130799455354        6.4378460570201926E-002
   7.9532130799455354        5.7977992057660112E-002
   8.0111910720031947        5.7125833802608023E-002
   8.0683169058058031        5.3069767429794940E-002
   8.1213866732355982        4.9366008376986091E-002
   8.1707526816125835        4.6476699635574964E-002
   8.2172293812481580        4.4241909472377952E-002
   8.2614712907205359        4.2477935147521954E-002
   8.3039492258680578        4.1057642859467253E-002
   8.3450068687275252        3.9898775739638320E-002
   8.3849056444671639        3.8947312783618730E-002
   8.4238529572507819        3.8166458216939599E-002
   8.4620194154677222        3.7530500916216299E-002
   8.4995499163839376        3.7021008979319099E-002
   8.5365709253632573        3.6624788927177278E-002
   8.5731957142904349        3.6332451451980226E-002
   8.6095281657424145        3.6137632294156043E-002
   8.6456657980365712        3.6036400648612438E-002
   8.6817021986851834        3.6027034391839748E-002
   8.7177292330770229        3.6109857437804330E-002
   8.7538390905148269        3.6287247629335460E-002
   8.7901263381441623        3.6563799246073163E-002
   8.8266901373902353        3.6946606326302443E-002
   8.8636367437165386        3.7445760758346422E-002
   8.9010825044748856        3.8075114480603474E-002
   8.9391576189554893        3.8853311158245141E-002
   8.9780109301137347        3.9805307932112517E-002
   9.0178162380458478        4.0964245988416331E-002
   9.0587804840342638        4.2373671137586347E-002
   9.1011541551718498        4.4088286827840127E-002
   9.1452424419996898        4.6167376596327789E-002
   9.1914098185960178        4.8639017291167055E-002
   9.2400488358871851        5.1374057414813851E-002
   9.2914228933019984        5.3817482041245653E-002
   9.3452403753432449        5.5038398169977257E-002
   9.4002787735132216        5.4814275092570801E-002
   9.4550930486057929        5.3908144982353350E-002
   9.5090011935881460        5.3022695272313534E-002
   9.5620238888604590        5.2445553157403450E-002
   9.6144694420178620        5.2233539723178575E-002
   9.6667029817410413        5.2372365571253236E-002
   9.7190753473122946        5.2841414374465392E-002
   9.7719167616867608        5.3633797213101735E-002
   9.8255505588998631        5.4762729210745743E-002
   9.8803132881106084        5.6266777950273579E-002
   9.9365800660608823        5.8220138590818621E-002
   9.9948002046517015        6.0754610521819588E-002
   10.055554815173521        6.4109508469277904E-002
   10.119664323642798        6.8756912116050242E-002
   10.188421235758849        7.5770492817983093E-002
   10.264191728576831        8.7933580274275322E-002
   10.352125308851106        9.8023552236742570E-002
   10.352125308851106        8.5211883528781049E-002
   10.437337192379887        8.4512368263778115E-002
   10.437337192379887        7.7428163817001933E-002
   10.514765356196889        7.6390357259108574E-002
   10.591155713455999        7.2720502930869596E-002
   10.663876216386868        7.0070980500329144E-002
   10.733947196887197        6.8611847857949076E-002
   10.802559044745147        6.8175696241327910E-002
   10.870734740986475        6.8749345296253817E-002
   10.939484086282729        7.0467630480342616E-002
   11.009951716763071        7.3120400531388338E-002
   11.083072117294460        7.3476113292720108E-002
   11.083072117294460        6.7589403011130797E-002
   11.150661520305590        6.6599607139287434E-002
   11.150661520305590        6.0235305354729089E-002
   11.210896825660319        5.9365043834507435E-002
   11.270261869494826        5.4954653372992657E-002
   11.325216522867819        5.0859858410498948E-002
   11.376076381278319        4.7647654526789394E-002
   11.423724035805108        4.5160047585521383E-002
   11.468884083390629        4.3194960985609841E-002
   11.512079044376238        4.1609236819583305E-002
   11.553688281195821        4.0309547521759602E-002
   11.593997828717582        3.9234471759532735E-002
   11.633232300477115        3.8342100265390811E-002
   11.671574400742506        3.7603006744203721E-002
   11.709177407486710        3.6995990050654660E-002
   11.746173397537364        3.6505543532898393E-002
   11.782678941070262        3.6120309419266208E-002
   11.818799250489528        3.5832160962137372E-002
   11.854631411451665        3.5635405916831585E-002
   11.890266817368497        3.5526522728464315E-002
   11.925793340096961        3.5503890296378467E-002
   11.961297230393340        3.5567626244442978E-002
   11.996864856637783        3.5719667446199185E-002
   12.032584524083983        3.5963851042063240E-002
   12.068548375126047        3.6306168390914349E-002
   12.104854543516963        3.6755227014956225E-002
   12.141609770531918        3.7322811625908989E-002
   12.178932582157827        3.8024832049270936E-002
   12.216957414207098        3.8882676780530583E-002
   12.255840090987629        3.9925149851143704E-002
   12.295765240838772        4.1191160347194930E-002
   12.336956401185967        4.2733298761575986E-002
   12.379689699947543        4.4620944912133163E-002
   12.424310644859675        4.6936664761144602E-002
   12.471247309620820        4.9738439962111997E-002
   12.520985749582932        5.2893666535145649E-002
   12.573879416118078        5.5663736244106921E-002
   12.629543152362185        5.6798299129221942E-002
   12.686341451491407        5.6240252339025167E-002
   12.742581703830432        5.5106294952076605E-002
   12.797687998782509        5.4160384636116492E-002
   12.851848383418625        5.3632641441428985E-002
   12.905481024860054        5.3533678084041393E-002
   12.959014702944096        5.3828707191385515E-002
   13.012843410135481        5.4493043056428853E-002
   13.067336453191910        5.5525665536863771E-002
   13.122862118728774        5.6954174546968529E-002
   13.179816293275742        5.8842466280968356E-002
   13.238658759556710        6.1308299863927440E-002
   13.299967059420638        6.4561663162688646E-002
   13.364528722583326        6.8989500812672064E-002
   13.433518223395998        7.5331938128312806E-002
   13.508850161524311        8.4607161769640393E-002
   13.593457323293951        9.1418028937142362E-002
   13.684875352231092        8.5815486637080718E-002
   13.770690838868173        7.9233524403226036E-002
   13.849924363271398        7.5443040834076186E-002
   13.925367404105474        7.3960623696400357E-002
   13.999328027801875        7.4369232619576647E-002
   14.073697260421451        7.6738875105062138E-002
   14.150436135526514        8.0153215372701939E-002
   14.230589350899216        7.6818929405120667E-002
   14.230589350899216        6.6441383543622348E-002
   14.297030734442838        6.5610701549028441E-002
   14.297030734442838        5.9469475402950354E-002
   14.356500209845789        5.8611395470907553E-002
   14.415111605316698        5.4485041372369258E-002
   14.469596646689068        5.0655960833573384E-002
   14.520252607522641        4.7623357363898090E-002
   14.567875964886539        4.5248566463344110E-002
   14.613124531349884        4.3354660035834651E-002
   14.656479191385719        4.1815020965889432E-002
   14.698294212351609        4.0545987595152488E-002
   14.738840199946761        3.9491673861505136E-002
   14.778331873808266        3.8613534078806952E-002
   14.816945407887074        3.7884178637785919E-002
   14.854829586524859        3.7283718051395034E-002
   14.892113304576254        3.6797521832857796E-002
   14.928910826409112        3.6414829045249231E-002
   14.965325655454361        3.6127855834776651E-002
   15.001453511289137        3.5931194093157946E-002
   15.037384705382294        3.5821469671698365E-002
   15.073206175053993        3.5797128005630334E-002
   15.109003303059623        3.5858292110914756E-002
   15.144861595170537        3.6006831028848135E-002
   15.180868426199385        3.6246478992025030E-002
   15.217114905191410        3.6583014487751975E-002
   15.253697919679162        3.7024742659765630E-002
   15.290722662338927        3.7583040145908637E-002
   15.328305702484837        3.8273266989807292E-002
   15.366578969474643        3.9116052049652621E-002
   15.405695021524297        4.0139230574607915E-002
   15.445834252098905        4.1380637426626316E-002
   15.487214889525530        4.2891977527753436E-002
   15.530106867053284        4.4743507818902031E-002
   15.574850374872186        4.7025852321415651E-002
   15.621876227193601        4.9830975876723402E-002
   15.671707203070325        5.3136180616199596E-002
   15.724843383686524        5.6399963457540683E-002
   15.781243347144065        5.8215283658600875E-002
   15.839458630802666        5.7944097333233482E-002
   15.897402728135900        5.6728614933447469E-002
   15.954131343069347        5.5607959309762277E-002
   16.009739302379110        5.4930880352195170E-002
   16.064670182731305        5.4727105803596250E-002
   16.119397288534902        5.4954206337747190E-002
   16.174351494872649        5.5577799358459100E-002
   16.229929294231109        5.6589857246866715E-002
   16.286519151477975        5.8013402941897677E-002
   16.344532554419875        5.9909099702940991E-002
   16.404441654122817        6.2390886482620825E-002
   16.466832540605438        6.5659131766670334E-002
   16.532491672372107        7.0065485551863385E-002
   16.602557157923972        7.6194126053629574E-002
   16.678751283977601        8.4340471969194530E-002
   16.763091755946796        8.9322367235478359E-002
   16.852414123182275        8.5384792823073125E-002
   16.937798916005349        8.0356857598846046E-002
   17.018155773604196        7.7630237298167468E-002
   17.095786010902362        7.7364859379305040E-002
   17.173150870281667        7.9811728983647801E-002
   17.252962599265313        8.5187540801604844E-002
   17.338150140066919        8.2439257659165877E-002
   17.338150140066919        6.8800362438447754E-002
   17.406950502505367        6.8054149428215624E-002
   17.406950502505367        6.0918366212801250E-002
   17.467868868718167        6.0064799600996581E-002
   17.527933668319164        5.5593737775804571E-002
   17.583527406094969        5.1499226938755860E-002
   17.635026633033725        4.8299904730804685E-002
   17.683326537764529        4.5818867004921902E-002
   17.729145404769451        4.3852636411253164E-002
   17.772998041180703        4.2260439670084214E-002
   17.815258480850787        4.0951160155347617E-002
   17.856209641006135        3.9864813706794712E-002
   17.896074454712931        3.8960437474069964E-002
   17.935034892187002        3.8209092363306843E-002
   17.973243984550308        3.7589867871207557E-002
   18.010833852421516        3.7087411049381812E-002
   18.047921263470897        3.6690422115262342E-002
   18.084611685586161        3.6390717003826935E-002
   18.121002402589987        3.6182579529833697E-002
   18.157184982119819        3.6062385149219514E-002
   18.193247367269038        3.6028328973265251E-002
   18.229275696242304        3.6080380149872082E-002
   18.265356076392177        3.6220196942623725E-002
   18.301576273334799        3.6451340349487937E-002
   18.338027613684286        3.6779420942879566E-002
   18.374807034627164        3.7212482589144946E-002
   18.412019517216308        3.7761661640986016E-002
   18.449781178857293        3.8441963999362012E-002
   18.488223142856654        3.9273549754439037E-002
   18.527496692611095        4.0283638116209615E-002
   18.567780330727306        4.1509105055296779E-002
   18.609289435782603        4.3000315900930883E-002
   18.652289751683533        4.4825679704230841E-002
   18.697115431387765        4.7073749030477029E-002
   18.744189180418243        4.9836786528340733E-002
   18.794025966946585        5.3107656003533406E-002
   18.847133622950118        5.6407802933720573E-002
   18.903541425883837        5.8386407138956382E-002
   18.961927833022795        5.8261844575771313E-002
   19.020189677598566        5.7080082918766442E-002
   19.077269760517332        5.5931501762312145E-002
   19.133201262279645        5.5211116322748499E-002
   19.188412378602393        5.4964680460933515E-002
   19.243377059063327        5.5152339862917663E-002
   19.298529398926245        5.5738241788277430E-002
   19.354267640714522        5.6711905361517594E-002
   19.410979546076039        5.8093411124171886E-002
   19.469072957200211        5.9939610871898176E-002
   19.529012568072108        6.2358842651865552E-002
   19.591371410723973        6.5542354778699033E-002
   19.656913765502672        6.9827027196187372E-002
   19.726740792698859        7.5785133066435681E-002
   19.802525925765295        8.3861994462145664E-002
   19.886387920227442        8.9637673009401203E-002
   19.976025593236844        8.6091057716845554E-002
   20.062116650953691        8.0823846388038717E-002
   20.142940497341730        7.7814979857950176E-002
   20.220755477199681        7.7297766960981729E-002
   20.298053244160663        7.9488893746265818E-002
   20.377542137906929        8.5052079053750465E-002
   20.462594216960678        8.4356720526194806E-002
   20.462594216960678        7.0315902640251643E-002
   20.532910119600931        6.9571206118780551E-002
   20.532910119600931        6.1760857180416046E-002
   20.594670976781348        6.0911875111298128E-002
   20.655582851892646        5.6201666652371848E-002
   20.711784518545016        5.1920892868666975E-002
   20.763705411413685        4.8606361153843203E-002
   20.812311772567529        4.6054300389831146E-002
   20.858366072957359        4.4041794857526503E-002
   20.902407867814887        4.2417487476611858E-002
   20.944825355291499        4.1084774856338616E-002
   20.985910130147836        3.9980619931201306E-002
   21.025890750079036        3.9062294839743869E-002
   21.064953044918781        3.8299760050896123E-002
   21.103252804969678        3.7671399950537449E-002
   21.140924204920214        3.7161354856091906E-002
   21.178085559776306        3.6758012804391720E-002
   21.214843572580698        3.6452923918439198E-002
   21.251296496499137        3.6240195599411544E-002
   21.287536692098548        3.6116055375572394E-002
   21.323652747474121        3.6078618175731575E-002
   21.359731365649854        3.6127741160083937E-002
   21.395859106809937        3.6265082701876200E-002
   21.432124189511814        3.6494104212254172E-002
   21.468618293724067        3.6820415067880440E-002
   21.505438708791946        3.7252057601195966E-002
   21.542690766393143        3.7800133943256542E-002
   21.580490900336400        3.8479667524422889E-002
   21.618970567860824        3.9310817826340647E-002
   21.658281385687165        4.0320770825888273E-002
   21.698602156513054        4.1546349258157929E-002
   21.740148505771213        4.3037701476264588E-002
   21.783186207247478        4.4862527297348714E-002
   21.828048734544826        4.7107410689683743E-002
   21.875156145234509        4.9858984629275516E-002
   21.925015129863784        5.3095405501429847E-002
   21.978110535365214        5.6315051754403794E-002
   22.034425587119618        5.8193661783055690E-002
   22.092619248902672        5.8036004414027335E-002
   22.150655253316700        5.6876037330227149E-002
   22.207531290646926        5.5756147557501100E-002
   22.263287438204429        5.5054692546425185E-002
   22.318342130750853        5.4816988299236313E-002
   22.373159119050090        5.5005616418582336E-002
   22.428164735468673        5.5586508114075735E-002
   22.483751243582748        5.6549932624102656E-002
   22.540301176206849        5.7915910695175550E-002
   22.598217086902025        5.9740520511268692E-002
   22.657957607413294        6.2130604550711829E-002
   22.720088211964008        6.5275759661642535E-002
   22.785363971625650        6.9514198037613578E-002
   22.854878169663262        7.5444370346708631E-002
   22.930322540009971        8.3708282271567069E-002
   23.014030822281537        9.0269348422889681E-002
   23.104300170704427        8.6633284997256171E-002
   23.190933455701682        8.0888393934916869E-002
   23.271821849636599        7.7489632775686296E-002
   23.349311482412286        7.6568476557509146E-002
   23.425879958969794        7.8133304841833021E-002
   23.504013263811629        8.2815662041873905E-002
   23.586828925853503        8.5231353013230080E-002
   23.586828925853503        7.3066531981405919E-002
   23.659895457834910        7.2241639800825971E-002
   23.659895457834910        6.3295697895902267E-002
   23.723191155730813        6.2457625899341160E-002
   23.723191155730813        5.7274309755291027E-002
   23.780465465486103        5.6421165122038805E-002
   23.836886630608142        5.2808543104015560E-002
   23.889695173712155        4.9434811444963762E-002
   23.939129985157120        4.6725247047237267E-002
   23.985855232204358        4.4576466534593580E-002
   24.030431698738951        4.2847121511169685E-002
   24.073278820250120        4.1433248430821940E-002
   24.114712068680941        4.0264631264548767E-002
   24.154976699945490        3.9293486901019775E-002
   24.194270186846509        3.8486476832981023E-002
   24.232756663679492        3.7819665766639463E-002
   24.270576329446133        3.7275622693785856E-002
   24.307851952139920        3.6841527249780341E-002
   24.344693479389701        3.6508044689037282E-002
   24.381201524078737        3.6268538889323583E-002
   24.417470062968061        3.6118641870518317E-002
   24.453588704838580        3.6055929321262309E-002
   24.489644634159841        3.6079738607923073E-002
   24.525724372767765        3.6191175917711954E-002
   24.561915548685477        3.6393193064390379E-002
   24.598308741749868        3.6690741860785588E-002
   24.634999483610653        3.7091125600367210E-002
   24.672090609211018        3.7604516119459294E-002
   24.709695125330477        3.8244715610381348E-002
   24.747939840940859        3.9030307224063351E-002
   24.786970148164922        3.9986235943089393E-002
   24.826956384108012        4.1146302482898911E-002
   24.868102686590912        4.2556392683940500E-002
   24.910659079274854        4.4278660362047806E-002
   24.954937739636900        4.6394207837784501E-002
   25.001331947474686        4.8992673686454720E-002
   25.050324621161142        5.2099866860195805E-002
   25.102424488021338        5.5395956734532611E-002
   25.157820444755870        5.7750292563525173E-002
   25.215570737319396        5.8084087863091202E-002
   25.273654825182486        5.7074954389296710E-002
   25.330729779571783        5.5895357636712398E-002
   25.386625137208494        5.5075347875490129E-002
   25.441700485083985        5.4716896077453989E-002
   25.496417381161439        5.4792897431682558E-002
   25.551210278593121        5.5265666605812655E-002
   25.606475945198934        5.6118392167655712E-002
   25.662594337366588        5.7362401541521967E-002
   25.719956738908110        5.9042437560303279E-002
   25.778999176468414        6.1248316802058722E-002
   25.840247493270471        6.4140835599519871E-002
   25.904388328869992        6.8006438310998465E-002
   25.972394767180990        7.3363875694793829E-002
   26.045758642875786        8.1005782710811561E-002
   26.126764425586597        8.9492642637024666E-002
   26.216257068223623        8.8542406807671295E-002
   26.304799475031295        8.2377729957091056E-002
   26.387177204988387        7.8066615853551402E-002
   26.465243820841938        7.6313021420221255E-002
   26.541556842262160        7.6910494536131066E-002
   26.618467336798293        8.0270241410257070E-002
   26.698737578208551        8.5295514869496408E-002
   26.784033093078047        7.8528862770768704E-002
   26.784033093078047        6.5377194288266757E-002
   26.849410287366315        6.4626364654145799E-002
   26.849410287366315        5.8717513125484934E-002
   26.908127800491801        5.7860985572625395E-002
   26.965988786064425        5.3908831098571600E-002
   27.019897617162997        5.0247033123367479E-002
   27.070144650286363        4.7339740462278970E-002
   27.117484390748640        4.5056022008964490E-002
   27.162540412757604        4.3230351907236175E-002
   27.205770764664841        4.1744108751630295E-002
   27.247514873416470        4.0518621425901034E-002
   27.288033494842370        3.9501131152912851E-002
   27.327534625995284        3.8655146497122851E-002
   27.366189772492408        3.7954691158214614E-002
   27.404144463650624        3.7380888149600555E-002
   27.441525351800223        3.6919873412658226E-002
   27.478445225212880        3.6561505017902875E-002
   27.515006730230784        3.6298525607007789E-002
   27.551305255837793        3.6126023366013220E-002
   27.587431279203805        3.6041092164702193E-002
   27.623472371368507        3.6042618768216586E-002
   27.659514990136724        3.6131265977860177E-002
   27.695646256114586        3.6309495112380366E-002
   27.731955751226966        3.6581716279257999E-002
   27.768537467506224        3.6954575043218980E-002
   27.805492042549442        3.7437430257339553E-002
   27.842929472806780        3.8043074257421164E-002
   27.880972547064200        3.8788689557409682E-002
   27.919761236621611        3.9697396280157997E-002
   27.959458632901768        4.0800410824301504E-002
   28.000259043726068        4.2140095904379456E-002
   28.042399139630447        4.3774007065974986E-002
   28.086173146696421        4.5778401504565948E-002
   28.131951548200988        4.8243624628249826E-002
   28.180195172829237        5.1226791850131924E-002
   28.231421964679370        5.4543782842449977E-002
   28.285965747521821        5.7287396818290086E-002
   28.343253144340110        5.8149533710771813E-002
   28.401402678050882        5.7358052353166482E-002
   28.458760730404048        5.6145746304478779E-002
   28.514906476708529        5.5213505136603641E-002
   28.570119981845131        5.4737030564868207E-002
   28.624857012410001        5.4705358892664917E-002
   28.679562371302666        5.5078607263205570E-002
   28.734640978565871        5.5833490020367513E-002
   28.790474468586240        5.6973712805943912E-002
   28.847448181392185        5.8534609005528170E-002
   28.905982790397712        6.0592616134929542E-002
   28.966575406532641        6.3286440163664859E-002
   29.029861846696306        6.6862235856541052E-002
   29.096724082552846        7.1765305334833288E-002
   29.168489387887679        7.8747922197774475E-002
   29.247237310085453        8.7685419948344695E-002
   29.334922730033796        8.9797215793099239E-002
   29.424719945826894        8.3899360045471341E-002
   29.508619305872365        7.8910218114260827E-002
   29.587529523986625        7.6521442734677966E-002
   29.664050966721302        7.6491999116466494E-002
   29.740542965837768        7.9040497873983748E-002
   29.819583463711751        8.4269346137650719E-002
   29.903852809849401        8.1465933740934859E-002
   29.903852809849401        6.8278355110357167E-002
   29.972131164959759        6.7513316133289605E-002
   29.972131164959759        6.0535420447601615E-002
   30.032666585407359        5.9680511241994104E-002
   30.092347096649352        5.5279088483333835E-002
   30.147626185132687        5.1244683860124082E-002
   30.198870868992810        4.8088849471944604E-002
   30.246959718464755        4.5639817405847133E-002
   30.292599535870600        4.3698421100651391E-002
   30.336297956971251        4.2126437424616539E-002
   30.378424394395868        4.0834290722531107E-002
   30.419258685118400        3.9762902410846360E-002
   30.459021587529246        3.8871916019656630E-002
   30.497893503548902        3.8132830425670200E-002
   30.536026333974572        3.7525068184450457E-002
   30.573551402159023        3.7033489342882038E-002
   30.610584891501905        3.6647045098678679E-002
   30.647231936600583        3.6357727414243035E-002
   30.683589664014825        3.6160012346679482E-002
   30.719749676361506        3.6050450391050218E-002
   30.755800126752558        3.6027437540197056E-002
   30.791827564292756        3.6091136026600218E-002
   30.827918700319355        3.6243471819696588E-002
   30.864162172139050        3.6488269613769490E-002
   30.900650441752820        3.6831514641734495E-002
   30.937481956394553        3.7281727551428633E-002
   30.974763683945980        3.7850610083652557E-002
   31.012614294029632        3.8553952980430371E-002
   31.051168247010061        3.9412999839550177E-002
   31.090581246849609        4.0456347288427112E-002
   31.131037594138036        4.1722811455039956E-002
   31.172760405593074        4.3265146424539484E-002
   31.216025552017612        4.5154147219272259E-002
   31.261179699236884        4.7478092495706822E-002
   31.308657791732589        5.0314916283830127E-002
   31.358972708016420        5.3590432593175211E-002
   31.412563140609596        5.6653968060384557E-002
   31.469217108669980        5.8135633420747332E-002
   31.527352742090727        5.7695761530910640E-002
   31.585048503621639        5.6498021103472990E-002
   31.641546524725111        5.5449607085857555E-002
   31.696996131810970        5.4838121549835764E-002
   31.751834253360805        5.4682251823390475E-002
   31.806516505184195        5.4942581496745788E-002
   31.861459086680942        5.5589182507097802E-002
   31.917048269188040        5.6617475837208747E-002
   31.973665745025247        5.8053119567696321E-002
   32.031718864592946        5.9959331940317204E-002
   32.091678196533266        6.2453770582316319E-002
   32.154131967115582        6.5745129822057949E-002
   32.219877096937637        7.0208323030995237E-002
   32.290085419968634        7.6505945399692424E-002
   32.366591365368329        8.5172384818778854E-002
   32.451763750187105        9.0475079954261683E-002
   32.542238830141365        8.5681632243860828E-002
   32.627920462385227        8.0070774999992295E-002
   32.707991237385222        7.6986088056336902E-002
   32.784977325441560        7.6323090726762285E-002
   32.861300416168319        7.8115483513863881E-002
   32.939415899682182        8.2875490767356785E-002
   33.022291390449539        8.3986518484365419E-002
   33.022291390449539        7.1675433519403170E-002
   33.093966823968941        7.0863521783024810E-002
   33.093966823968941        6.2537224385173451E-002
   33.156504048354115        6.1691959333173452E-002
   33.218196007687290        5.6760082637074279E-002
   33.274956090324366        5.2297367773173016E-002
   33.327253458097537        4.8865750272524759E-002
   33.376119208370064        4.6239048982322201E-002
   33.422358257352386        4.4176355452317857E-002
   33.466534612804701        4.2516184662034349E-002
   33.509050797466735        4.1156402642157953E-002
   33.550207200108893        4.0030932555556446E-002
   33.590238132664453        3.9095202934111395E-002
   33.629333335598567        3.8318016552368821E-002
   33.667651352150934        3.7676976126531037E-002
   33.705328328277467        3.7155704936294921E-002
   33.742484033213763        3.6742159664614540E-002
   33.779226192878376        3.6427594179211917E-002
   33.815653787057585        3.6205869662320686E-002
   33.851859656719903        3.6073016953720428E-002
   33.887932673673625        3.6026949119740005E-002
   33.923959622793362        3.6067380493251269E-002
   33.960027003286612        3.6195734994712375E-002
   33.996222738281325        3.6415336113978757E-002
   34.032638074395301        3.6731523546192718E-002
   34.069369597941495        3.7152114960718657E-002
   34.106521712902214        3.7687873213917353E-002
   34.144209586116133        3.8353392969807887E-002
   34.182562979085944        3.9168278912579985E-002
   34.221731257998520        4.0158921745465412E-002
   34.261890179743986        4.1361072143631536E-002
   34.303251251887616        4.2823332359353525E-002
   34.346074584246971        4.4611389425574507E-002
   34.390685973672547        4.6809750209844438E-002
   34.437495723882392        4.9505835483065204E-002
   34.487001559365460        5.2694226180390345E-002
   34.539695785545852        5.5936004365768767E-002
   34.595631789911621        5.7966094382222541E-002
   34.653597884293845        5.7958013402184171E-002
   34.711555897696030        5.6842809507578231E-002
   34.768398707203609        5.5705277580329185E-002
   34.824103984783939        5.4968080768733163E-002
   34.879072065552670        5.4692835119512992E-002
   34.933764900672180        5.4845159132149122E-002
   34.988610059804330        5.5389856392749168E-002
   35.043999916197080        5.6314925777879457E-002
   35.100314841974956        5.7637436387534269E-002
   35.157952278362494        5.9409409361839423E-002
   35.217361687724335        6.1731485131199186E-002
   35.279093172855532        6.4782678956570930E-002
   35.343875851812101        6.8882682373958601E-002
   35.412758534186061        7.4606349150079340E-002
   35.487364883336141        8.2702255647802425E-002
   35.570067138983944        9.0198395393733991E-002
   35.660265534377679        8.7352024917738066E-002
   35.747617559295414        8.1344653413915891E-002
   35.828962212709328        7.7575675144271772E-002
   35.906537887853602        7.6304599829807668E-002
   35.982842487683413        7.7417758283448060E-002
   36.060260245966859        8.1436434885508405E-002
   36.141696680852370        8.5301992058426979E-002
   36.141696680852370        7.5339452254394035E-002
   36.217036133106767        7.4419149460721243E-002
   36.217036133106767        6.4565383704728349E-002
   36.281601516811492        6.3738667816307076E-002
   36.281601516811492        5.8127313273524293E-002
   36.339728830085015        5.7272109329765161E-002
   36.397000939414781        5.3461754032155695E-002
   36.450462693446937        4.9918760350843042E-002
   36.500381453797779        4.7091831459803453E-002
   36.547473285257581        4.4862193763770701E-002
   36.592335479021351        4.3074660743726033E-002
   36.635410139765078        4.1616744854923622E-002
   36.677026884619998        4.0413296770676524E-002
   36.717440181390678        3.9413612777357290E-002
   36.756853794168038        3.8582456938243317E-002
   36.795436251106281        3.7894695306909268E-002
   36.833330946413191        3.7331992890885887E-002
   36.870662939304076        3.6880927288986030E-002
   36.907543866593059        3.6531662556857428E-002
   36.944075529149913        3.6277178503781822E-002
   36.980352707653694        3.6112758873781799E-002
   37.016465466527478        3.6035670514668564E-002
   37.052501137042150        3.6044987349856464E-002
   37.088546124392003        3.6141521158604625E-002
   37.124687645550608        3.6327876244865748E-002
   37.161015521795477        3.6608660955563949E-002
   37.197624182751042        3.6990739123146384E-002
   37.234614921874190        3.7483730014445868E-002
   37.272098651888633        3.8100756869007241E-002
   37.310199408757640        3.8859449356039348E-002
   37.349058858113679        3.9783512809160516E-002
   37.388842370922838        4.0904987828053699E-002
   37.429747358750895        4.2267398245147934E-002
   37.472014756996046        4.3929848537472706E-002
   37.515944605533520        4.5970400938384240E-002
   37.561915006471907        4.8479979036488194E-002
   37.610394985508393        5.1508294924927173E-002
   37.661903280433322        5.4833463342084755E-002
   37.716736743775407        5.7472521637264844E-002
   37.774209265412672        5.8164531773933249E-002
   37.832373797186605        5.7290752830127564E-002
   37.889664550016732        5.6081228164506856E-002
   37.945745778181241        5.5182279662288058E-002
   38.000928057843531        5.4743413181122802E-002
   38.055671471024652        5.4747151157193016E-002
   38.110418622181847        5.5153801959690468E-002
   38.165572424141537        5.5942024334453153E-002
   38.221514448475993        5.7117988771567388E-002
   38.278632437247559        5.8720125879696022E-002
   38.337352563127254        6.0829289911162612E-002
   38.398181853038416        6.3591409757773332E-002
   38.461773262796193        6.7265468792964439E-002
   38.529038731589161        7.2319225582408775E-002
   38.601357957171572        7.9515452925786101E-002
   38.680873410097355        8.8325548139467996E-002
   38.769198958236821        8.9329712598268537E-002
   38.858528670835092        8.3338468040871638E-002
   38.941867138875963        7.8626151796312632E-002
   39.020493290672277        7.6496400681221960E-002
   39.096989691353500        7.6728156160878067E-002
   39.173717847514375        7.9630509501617139E-002
   39.253348357015994        8.4921953802518338E-002
   39.338270310818515        8.0289817621847795E-002
   39.338270310818515        6.6969334523012541E-002
   39.405239645341531        6.6215295540216476E-002
   39.405239645341531        5.9731352497892527E-002
   39.464970997839423        5.8874954743179650E-002
   39.523845952582604        5.4677745630946496E-002
   39.578523698213552        5.0811560509111328E-002
   39.629335258722662        4.7766801107628369E-002
   39.677102059830290        4.5390864477269852E-002
   39.722492924307559        4.3500167095424813E-002
   39.765993091402983        4.1965463804183201E-002
   39.807958555207165        4.0702110090509495E-002
   39.848660665297672        3.9653871246396528E-002
   39.888314536544065        3.8782112639568177E-002
   39.927096649183632        3.8059454454160313E-002
   39.965156103637796        3.7466072301181201E-002
   40.002622175938974        3.6987381506754305E-002
   40.039609557445729        3.6612730553875338E-002
   40.076222287999606        3.6334424999280662E-002
   40.112556712998888        3.6147218587163743E-002
   40.148703931586049        3.6047867932766146E-002
   40.184751799518814        3.6034992238712253E-002
   40.220786791757526        3.6108959290495755E-002
   40.256895751048020        3.6271917720513407E-002
   40.293167668768533        3.6527914379546368E-002
   40.329695583148080        3.6883213943154053E-002
   40.366578797091236        3.7346661188756805E-002
   40.403925458279993        3.7930401950158434E-002
   40.441855860230149        3.8650767685596644E-002
   40.480506627915744        3.9529761342713361E-002
   40.520036389258458        4.0596995779226465E-002
   40.560633385037683        4.1892696525125200E-002
   40.602526081562807        4.3471564956477769E-002
   40.645997646519284        4.5406698190425282E-002
   40.691404344709710        4.7787695374519559E-002
   40.739192040084227        5.0686164256440673E-002
   40.789878204340667        5.3989683041981547E-002
   40.843867887382650        5.6946753162520576E-002
   40.900814640545171        5.8184038259193438E-002
   40.958998678804363        5.7588225882375228E-002
   41.016586904686740        5.6374516087924230E-002
   41.072961420774661        5.5369191765275542E-002
   41.128330612539933        5.4811275880509658E-002
   41.183141888420444        5.4705633297852815E-002
   41.237847521718294        5.5011976462115544E-002
   41.292859498180412        5.5702876109523548E-002
   41.348562374289934        5.6777049846706215E-002
   41.405339424136642        5.8264032991851643E-002
   41.463603457128492        6.0232269936937075E-002
   41.523835727065432        6.2807752045237822E-002
   41.586643479110670        6.6213640157811809E-002
   41.652857119268482        7.0851833201989761E-002
   41.723708952470474        7.7420145050505360E-002
   41.801129097520977        8.6234932699684602E-002
   41.887364030220660        9.0258130531256447E-002
   41.977622160751913        8.4924965843131028E-002
   42.062547126595042        7.9581791407544386E-002
   42.142128918002584        7.6809874500529826E-002
   42.218938792503117        7.6434522106120326E-002
   42.295373314609236        7.8578341980285030E-002
   42.373951656589519        8.3650100476243827E-002
   42.457601757065760        8.3002854281266539E-002
   42.457601757065760        7.0048051953072385E-002
   42.527649809018833        6.9266559792807547E-002
   42.527649809018833        6.1594401025689555E-002
   42.589244210044519        6.0743588313091776E-002
   42.649987798357614        5.6066798336827574E-002
   42.706054596694443        5.1808980070808204E-002
   42.757863576765253        4.8508185867060488E-002
   42.806371762632317        4.5965059466998047E-002
   42.852336822099318        4.3959044068221265E-002
   42.896295866167542        4.2339859174653015E-002
   42.938635725342195        4.1011393364598289E-002
   42.979647118706794        3.9910897623838260E-002
   43.019558016330635        3.8995754823439616E-002
   43.058553771154074        3.8236080405626455E-002
   43.096789851559699        3.7610295126877802E-002
   43.134400146686573        3.7102615908038108E-002
   43.171502762594614        3.6701480204681169E-002
   43.208204242799297        3.6398453633259088E-002
   43.244602696432558        3.6187690591094383E-002
   43.280790387023650        3.6065451215817348E-002
   43.316855838239469        3.6029896217039524E-002
   43.352885734456507        3.6080902271481079E-002
   43.388966636727986        3.6220154569422798E-002
   43.425186791297406        3.6451203278129583E-002
   43.461637994575533        3.6779667958803525E-002
   43.498417662534337        3.7213668063857640E-002
   43.535631330598193        3.7764416306111173E-002
   43.573395746904303        3.8447025227331962E-002
   43.611842772131638        3.9281818462767071E-002
   43.651124590594407        4.0296199950214454E-002
   43.691420790544619        4.1527257442525112E-002
   43.732948047987144        4.3025455278046291E-002
   43.775973503265192        4.4858823846358586E-002
   43.820832327111553        4.7113721519630246E-002
   43.867946048631183        4.9874239960817981E-002
   43.917820288591997        5.3107232745067338E-002
   43.970927521337067        5.6282243210083793E-002
   44.027209764547152        5.8070399549097249E-002
   44.085280164096247        5.7854416865727801E-002
   44.143134580961977        5.6692136291713741E-002
   44.199826717253693        5.5591950908420548E-002
   44.255418668162115        5.4911493395123120E-002
   44.310330161557239        5.4690804537162005E-002
   44.365020966094399        5.4892510669923525E-002
   44.419913476764322        5.5483676050831959E-002
   44.475397152815155        5.6455633631937154E-002
   44.531852786447089        5.7829285212015830E-002
   44.589682071659105        5.9661654503038106E-002
   44.649343726162144        6.2060863060244463E-002
   44.711404589222390        6.5218841659272858E-002
   44.776623430881664        6.9479319989960375E-002
   44.846102750871623        7.5456545672194911E-002
   44.921559296543819        8.3832754678072371E-002
   45.005392051221889        9.0446999407223325E-002
   45.095839050629110        8.6598112054345894E-002
   45.182437162683456        8.0743486272824502E-002
   45.263180648956279        7.7292522973997677E-002
   45.340473171930277        7.6304456430930659E-002
   45.416777628361210        7.7730117608487942E-002
   45.494507745969699        8.2118990327233757E-002
   45.576626736296930        8.4881608328195371E-002
   45.576626736296930        7.3591180174557264E-002
   45.650217916471490        7.2731773782147069E-002
   45.650217916471490        6.3609645320913788E-002
   45.713827561792407        6.2773206854842167E-002
   45.713827561792407        5.7488090502451510E-002
   45.771315652294859        5.6634429560533384E-002
   45.827950081855391        5.2971508060528652E-002
   45.880921589915921        4.9553669714172813E-002
   45.930475259630093        4.6812851119858515E-002
   45.977288110749953        4.4642135835614827E-002
   46.021930246585569        4.2896782086775345E-002
   46.064827028672347        4.1470621100824584E-002
   46.106297649773175        4.0292169306342912E-002
   46.146589819079516        3.9312873030979210E-002
   46.185902692110496        3.8498886390776969E-002
   46.224401578501272        3.7825926604159517E-002
   46.262227505105429        3.7276338415721491E-002
   46.299503843521151        3.6837110697509660E-002
   46.336340954218663        3.6498790767309532E-002
   46.372839744985974        3.6254605271042906E-002
   46.409094350257014        3.6100102525304420E-002
   46.445194452782317        3.6032740991854752E-002
   46.481227193774174        3.6051808139891207E-002
   46.517279001914062        3.6158277178261297E-002
   46.553437279092321        3.6354998558257280E-002
   46.589792277650581        3.6646798403109845E-002
   46.626439076053693        3.7040843205066246E-002
   46.663479919258762        3.7547098852045102E-002
   46.701027018110807        3.8179128823267856E-002
   46.739206146934073        3.8955145313538712E-002
   46.778161292247610        3.9899697395868856E-002
   46.818060989643477        4.1045945818746869E-002
   46.859106935462222        4.2438933917657996E-002
   46.901545869379881        4.4139789915373824E-002
   46.945685659295258        4.6228679798686376E-002
   46.991914339093945        4.8796196237648248E-002
   47.040710535331591        5.1878151894474825E-002
   47.092588687226069        5.5192458858454287E-002
   47.147781146084526        5.7657571307911167E-002
   47.205438717392440        5.8116958416773265E-002
   47.263555675809215        5.7149575063559645E-002
   47.320705250872777        5.5955976490299562E-002
   47.376661227363080        5.5107030628525684E-002
   47.431768257991607        5.4720260875590523E-002
   47.486488518867198        5.4771348964923999E-002
   47.541259867832125        5.5221645008118006E-002
   47.596481512840242        5.6052672871881648E-002
   47.652534185712121        5.7273982258085686E-002
   47.709808167970209        5.8928151547696830E-002
   47.768736319517906        6.1101862755852068E-002
   47.829838182273761        6.3950700460383328E-002
   47.893788882734142        6.7751347539038456E-002
   47.961540230273179        7.3003570188721334E-002
   48.034543800461904        8.0486282043536250E-002
   48.115030082505442        8.9084679521111793E-002
   48.204114762026556        8.8776364932386179E-002
   48.292891126958942        8.2681179394337820E-002
   48.375572306353277        7.8258024975330964E-002
   48.453830331328611        7.6398465789027134E-002
   48.530228797117637        7.6896453083080310E-002
   48.607125250200717        8.0137252790976457E-002
   48.687262502991693        8.5255546731891715E-002
   48.772518049723587        7.8985614562968223E-002
   48.772518049723587        6.5771429447749580E-002
   48.838289479171337        6.5020686368960218E-002
   48.838289479171337        5.8975142991943987E-002
   48.897264622163284        5.8118452553898713E-002
   48.955383074717183        5.4106441687920885E-002
   49.009489516405104        5.0394154184010657E-002
   49.059883670589116        4.7452373054497017E-002
   49.107336043643613        4.5145168245025846E-002
   49.152481211888642        4.3302685933879780E-002
   49.195783897822523        4.1803716506229723E-002
   49.237587614328753        4.0568176099481164E-002
   49.278155790428237        3.9542434060559031E-002
   49.317698224488794        3.8689457510491763E-002
   49.356387681999287        3.7982916978685007E-002
   49.394370598977972        3.7403686197348372E-002
   49.431774285175322        3.6937711367378730E-002
   49.468711996542702        3.6574733541451868E-002
   49.505286730084151        3.6307378463431128E-002
   49.541594108547585        3.6130625746011759E-002
   49.577724734293596        3.6041492384722061E-002
   49.613766226678315        3.6038780885745615E-002
   49.649805007564062        3.6123063851411535E-002
   49.685928071415475        3.6296714311051165E-002
   49.722224785726524        3.6564027125914562E-002
   49.758788812852437        3.6931520220840494E-002
   49.795720333073277        3.7408433114399821E-002
   49.833128766187677        3.8007298225590638E-002
   49.871136064413271        3.8745080157824303E-002
   49.909881144571095        3.9644507209923879E-002
   49.949525651781016        4.0736289337360898E-002
   49.990261941118376        4.2062156245485288E-002
