   0.0000000000000000       0.52359877559829882     
   0.0000000000000000       0.52359877559829882     
   0.0000000000000000       0.52359877559829882     
   5.1686086342581046E-002  0.52356314389765379     
  0.10253061335738581       0.52339148452643780     
  0.15307684018466242       0.52298803769000235     
  0.20346068278581939       0.52225830716103627     
  0.25373435214008955       0.52110921357234508     
  0.30393142738214413       0.51944911556926421     
  0.35408049617307225       0.51718776181169868     
  0.40420850479942511       0.51423623563875875     
  0.45434204094856995       0.51050688291587254     
  0.50450821326376905       0.50591319756529995     
  0.55473546516671535       0.50036963895378961     
  0.60505437127375927       0.49379136021777392     
  0.65549844936724788       0.48609382612434660     
  0.70610495783141858       0.47719230854273825     
  0.75691569689206761       0.46700124642815549     
  0.80797775375446823       0.45543347676182833     
  0.85934416947832903       0.44239935057984286     
  0.91107439067366525       0.42780579436432048     
  0.96323431492420786       0.41155543559079294     
   1.0158955439712081       0.39354604028460749     
   1.0691331258481322       0.37367075456524956     
   1.1230205498501582       0.35182007026607764     
   1.1776200586588246       0.32788711040367485     
   1.2329655034129345       0.30177878931059604     
   1.2890355231657655       0.27343586168858069     
   1.3457190000719446       0.24286304231343972     
   1.4027865699314148       0.21016249520879665     
   1.4598962142020238       0.17555075042472154     
   1.5166550225132052       0.13933523340163084     
   1.5727162770141176       0.10185154272728340     
   1.6278541104908300        6.3396959371803618E-002
   1.6819801054208479        2.4194770155929142E-002
   1.7351152308787356       -1.5606911610753968E-002
   1.7873490063790591       -5.5918487855998060E-002
   1.8388060425395827       -9.6689723466594074E-002
   1.8896249203201645      -0.13789483835314534     
   1.9399470898238258      -0.17952274948953503     
   1.9899121153587818      -0.22157124347355803     
   2.0396565078413196      -0.26404371418841421     
   2.0893144479761263      -0.30694743943400360     
   2.1390195216129135      -0.35029277412865717     
   2.1889070592169420      -0.39409290009099274     
   2.2391169789900429      -0.43836396740236572     
   2.2897971771555388      -0.48312554184861028     
   2.3411076512592581      -0.52840135047823644     
   2.3932257321652348      -0.57422041797187406     
   2.4463529656709397      -0.62061872289362463     
   2.5007245172291785      -0.66764160912000270     
   2.5566226051434473      -0.71534741234146770     
   2.6143963621258579      -0.76381294026277469     
   2.6744923804594039      -0.81314191442219719     
   2.7375032760960321      -0.86347788921961832     
   2.8042451049777215      -0.91502177973439769     
   2.8758668264440508      -0.96804076814685314     
   2.9538688606221051       -1.0227583739153037     
   3.0390261272426273       -1.0784946457285447     
   3.1275861492074868       -1.1315760484026485     
   3.2143355136656888       -1.1783073773104691     
   3.2984990151934257       -1.2182747236839251     
   3.3813125301781670       -1.2520900837313960     
   3.4641323850795502       -1.2801199843518747     
   3.5479275996392605       -1.3022811351577486     
   3.6328492571786359       -1.3180791779548933     
   3.7176043997428043       -1.3268775038743430     
   3.7999854019827550       -1.3285081704232704     
   3.8787095168909667       -1.3234870544595778     
   3.9538472606563246       -1.3125373840943220     
   4.0260965955208539       -1.2962142420529468     
   4.0962758638318117       -1.2748266245599920     
   4.1651780961729417       -1.2484559836547069     
   4.2335892260939874       -1.2169610290422421     
   4.3023670737296742       -1.1799371381774701     
   4.3725451994067379       -1.1366201563318179     
   4.4453156096083051       -1.0858260454050495     
   4.5206987834687675       -1.0269733887795529     
   4.5206987834687675       -1.0269733887795529     
   4.5860681831248780      -0.97089702518520993     
   4.6504515394660189      -0.91120375628512806     
   4.7097229067573556      -0.85245363157931253     
   4.7643260452479588      -0.79522517016740357     
   4.8153792461739213      -0.73913153884037353     
   4.8637672667907195      -0.68376217703423381     
   4.9101056649740489      -0.62882618191057738     
   4.9548284472330844      -0.57412760899619164     
   4.9982562093339791      -0.51952979419443457     
   5.0406375163114330      -0.46493165073841725     
   5.0821734763752646      -0.41025360623819002     
   5.1230327746392401      -0.35542935958942362     
   5.1633615047610188      -0.30040067000831622     
   5.2032898952275897      -0.24511394740377024     
   5.2429371974503578      -0.18951783551589810     
   5.2824155157619934      -0.13356126336424584     
   5.3218328921036475       -7.7191886582555699E-002
   5.3612960693106197       -2.0354571347736949E-002
   5.4009131495877289        3.7010204308093424E-002
   5.4407962358027806        9.4967998717557803E-002
   5.4810643996334472       0.15359244878821574     
   5.5218470948415854       0.21296771115061142     
   5.5632883697982995       0.27319160661743808     
   5.6055521430160891       0.33437956442990163     
   5.6488290061047515       0.39666962751123369     
   5.6933448984326747       0.46022840889775191     
   5.7393714841154297       0.52525688347477650     
   5.7872357340361882       0.59199135675019210     
   5.8373176683588479       0.66068338473369204     
   5.8899973956651852       0.73150777428220493     
   5.9454467370370132       0.80427469020974562     
   6.0031666622002575       0.87787108346837950     
   6.0617779052249077       0.95014917220591599     
   6.1199057396719763        1.0191925439550418     
   6.1769908578645101        1.0842674693986780     
   6.2331116822008932        1.1454565586599774     
   6.2885900430344233        1.2030993257195071     
   6.3437881620310907        1.2575275994651818     
   6.3990477797042100        1.3089918470090964     
   6.4546853709321219        1.3576553064410462     
   6.5110043640783557        1.4036037897916287     
   6.5683121844271595        1.4468549274858733     
   6.6269406494829637        1.4873628982085352     
   6.6872729309923375        1.5250177137967922     
   6.7497847750905224        1.5596379189826686     
   6.8151166186669903        1.5909533722215556     
   6.8842192384585204        1.6185697173124762     
   6.9587014896156418        1.6418894272933118     
   7.0418808915447846        1.6598927720428336     
   7.1424822731255722        1.6701312494477980     
   7.1424822731255722        1.6701312494477980     
   7.2258450084305306        1.6688862577746892     
   7.3088172045458926        1.6587604101495066     
   7.3858725153847011        1.6413229704137053     
   7.4586159243535448        1.6176960248199850     
   7.5287971338081583        1.5882623523188677     
   7.5977273516447461        1.5529824270561754     
   7.6665589303027426        1.5114473089899232     
   7.7366073733110046        1.4627249215478542     
   7.8097386195174003        1.4049596275188641     
   7.8879880386913621        1.3354442868712475     
   7.8879880386913621        1.3354442868712475     
   7.9532130799455354        1.2715221847697338     
   7.9532130799455354        1.2715221847697338     
   8.0111910720031947        1.2102470666541072     
   8.0683169058058031        1.1458838013637518     
   8.1213866732355982        1.0826557658636808     
   8.1707526816125835        1.0209788557351192     
   8.2172293812481580       0.96049311847006624     
   8.2614712907205359       0.90083351947939339     
   8.3039492258680578       0.84173498295809202     
   8.3450068687275252       0.78301115855427328     
   8.3849056444671639       0.72452613889125816     
   8.4238529572507819       0.66617530381890411     
   8.4620194154677222       0.60787385413714778     
   8.4995499163839376       0.54954959848644269     
   8.5365709253632573       0.49113852604481056     
   8.5731957142904349       0.43258162684240209     
   8.6095281657424145       0.37382270331553752     
   8.6456657980365712       0.31480657764652548     
   8.6817021986851834       0.25547768430766704     
   8.7177292330770229       0.19577865815545159     
   8.7538390905148269       0.13564896912722643     
   8.7901263381441623        7.5023453933583090E-002
   8.8266901373902353        1.3830610045901985E-002
   8.8636367437165386       -4.8009418589637531E-002
   8.9010825044748856      -0.11058736564128983     
   8.9391576189554893      -0.17400811036396879     
   8.9780109301137347      -0.23839484656651699     
   9.0178162380458478      -0.30389453905991437     
   9.0587804840342638      -0.37068460410280085     
   9.1011541551718498      -0.43898044566423539     
   9.1452424419996898      -0.50904017949260638     
   9.1914098185960178      -0.58115361776990748     
   9.2400488358871851      -0.65557101543809126     
   9.2914228933019984      -0.73224724163517951     
   9.3452403753432449      -0.81024210904883087     
   9.4002787735132216      -0.88733294744344027     
   9.4550930486057929      -0.96122695689070337     
   9.5090011935881460       -1.0309210069811079     
   9.5620238888604590       -1.0964414465217338     
   9.6144694420178620       -1.1581672185021139     
   9.6667029817410413       -1.2164875138878861     
   9.7190753473122946       -1.2717037890302543     
   9.7719167616867608       -1.3240204947674579     
   9.8255505588998631       -1.3735566018074401     
   9.8803132881106084       -1.4203569077817542     
   9.9365800660608823       -1.4643980514802490     
   9.9948002046517015       -1.5055881595284695     
   10.055554815173521       -1.5437585872560184     
   10.119664323642798       -1.5786437629910397     
   10.188421235758849       -1.6098372718125331     
   10.264191728576831       -1.6366825054515250     
   10.352125308851106       -1.6578463516276223     
   10.352125308851106       -1.6578463516276223     
   10.437337192379887       -1.6680294743012514     
   10.437337192379887       -1.6680294743012514     
   10.514765356196889       -1.6684081459230160     
   10.591155713455999       -1.6604586780944273     
   10.663876216386868       -1.6451843598311202     
   10.733947196887197       -1.6233436693331480     
   10.802559044745147       -1.5951859511400288     
   10.870734740986475       -1.5605869402524539     
   10.939484086282729       -1.5190482507473289     
   11.009951716763071       -1.4696007283364401     
   11.083072117294460       -1.4110317899971498     
   11.083072117294460       -1.4110317899971498     
   11.150661520305590       -1.3504317779624897     
   11.150661520305590       -1.3504317779624897     
   11.210896825660319       -1.2913094247431107     
   11.270261869494826       -1.2284471041462484     
   11.325216522867819       -1.1663126726032265     
   11.376076381278319       -1.1055473911330485     
   11.423724035805108       -1.0458843656647017     
   11.468884083390629      -0.98699522997635514     
   11.512079044376238      -0.92863391497494807     
   11.553688281195821      -0.87062764841007989     
   11.593997828717582      -0.81285196536266935     
   11.633232300477115      -0.75521246415865739     
   11.671574400742506      -0.69763375408726791     
   11.709177407486710      -0.64005254593896754     
   11.746173397537364      -0.58241335633469959     
   11.782678941070262      -0.52466568938779701     
   11.818799250489528      -0.46676204641880498     
   11.854631411451665      -0.40865631404058317     
   11.890266817368497      -0.35030269499005962     
   11.925793340096961      -0.29165456838248816     
   11.961297230393340      -0.23266345675283973     
   11.996864856637783      -0.17327806161482656     
   12.032584524083983      -0.11344308042996355     
   12.068548375126047       -5.3097910389037654E-002
   12.104854543516963        7.8249344658591589E-003
   12.141609770531918        6.9401905441702910E-002
   12.178932582157827       0.13172098810679397     
   12.216957414207098       0.19488515698235925     
   12.255840090987629       0.25901702658079412     
   12.295765240838772       0.32426511004144543     
   12.336956401185967       0.39081206288734693     
   12.379689699947543       0.45888501741331805     
   12.424310644859675       0.52876526480239749     
   12.471247309620820       0.60078433792864061     
   12.520985749582932       0.67525401686794473     
   12.573879416118078       0.75215570173254043     
   12.629543152362185       0.83030977175174081     
   12.686341451491407       0.90689780772591133     
   12.742581703830432       0.97938239310476793     
   12.797687998782509        1.0469930202544628     
   12.851848383418625        1.1100014792663109     
   12.905481024860054        1.1689060519573287     
   12.959014702944096        1.2241282041148043     
   13.012843410135481        1.2759574531157862     
   13.067336453191910        1.3245630907315504     
   13.122862118728774        1.3700127376289362     
   13.179816293275742        1.4122835774457259     
   13.238658759556710        1.4512633923576963     
   13.299967059420638        1.4867393750466025     
   13.364528722583326        1.5183681807232896     
   13.433518223395998        1.5456079163034608     
   13.508850161524311        1.5675493373962803     
   13.593457323293951        1.5824123659980893     
   13.684875352231092        1.5867768344902411     
   13.770690838868173        1.5797807783752242     
   13.849924363271398        1.5637724665749571     
   13.925367404105474        1.5400212306227428     
   13.999328027801875        1.5087114109989219     
   14.073697260421451        1.4692721502936379     
   14.150436135526514        1.4203009064302574     
   14.230589350899216        1.3603155353051766     
   14.230589350899216        1.3603155353051766     
   14.297030734442838        1.3038874744355469     
   14.297030734442838        1.3038874744355469     
   14.356500209845789        1.2483515842662327     
   14.415111605316698        1.1890957438899006     
   14.469596646689068        1.1301110790525777     
   14.520252607522641        1.0720188124478502     
   14.567875964886539        1.0146559092572265     
   14.613124531349884       0.95778946380924068     
   14.656479191385719       0.90124126844783081     
   14.698294212351609       0.84488527607954189     
   14.738840199946761       0.78863006515942025     
   14.778331873808266       0.73240567443205506     
   14.816945407887074       0.67615543784906373     
   14.854829586524859       0.61983098354849608     
   14.892113304576254       0.56338906604563599     
   14.928910826409112       0.50678947994312118     
   14.965325655454361       0.44999357811366425     
   15.001453511289137       0.39296313851249542     
   15.037384705382294       0.33565946151266635     
   15.073206175053993       0.27804251965815868     
   15.109003303059623       0.22007012297084633     
   15.144861595170537       0.16169711592463132     
   15.180868426199385       0.10287437668420632     
   15.217114905191410        4.3547638483796808E-002
   15.253697919679162       -1.6343852603682953E-002
   15.290722662338927       -7.6869208714707996E-002
   15.328305702484837      -0.13810823197651850     
   15.366578969474643      -0.20015456928623579     
   15.405695021524297      -0.26311995012027456     
   15.445834252098905      -0.32714003382096279     
   15.487214889525530      -0.39238240998923651     
   15.530106867053284      -0.45905714724551661     
   15.574850374872186      -0.52742910287467970     
   15.621876227193601      -0.59782466610707041     
   15.671707203070325      -0.67059925443372115     
   15.724843383686524      -0.74593197633469055     
   15.781243347144065      -0.82310149854913572     
   15.839458630802666      -0.89950339815641889     
   15.897402728135900      -0.97204633083660219     
   15.954131343069347       -1.0394882563201100     
   16.009739302379110       -1.1019979339849206     
   16.064670182731305       -1.1601097210442890     
   16.119397288534902       -1.2142931956576029     
   16.174351494872649       -1.2648687668972980     
   16.229929294231109       -1.3120192210857307     
   16.286519151477975       -1.3558120307911277     
   16.344532554419875       -1.3962128047617142     
   16.404441654122817       -1.4330863704401609     
   16.466832540605438       -1.4661830004614833     
   16.532491672372107       -1.4951018855921572     
   16.602557157923972       -1.5192092442811225     
   16.678751283977601       -1.5374454410943603     
   16.763091755946796       -1.5478678875109848     
   16.852414123182275       -1.5476608409177837     
   16.937798916005349       -1.5366167274083640     
   17.018155773604196       -1.5165371977470161     
   17.095786010902362       -1.4882438019309510     
   17.173150870281667       -1.4514010191641793     
   17.252962599265313       -1.4044351379807660     
   17.338150140066919       -1.3444175558799794     
   17.338150140066919       -1.3444175558799794     
   17.406950502505367       -1.2886401541982773     
   17.406950502505367       -1.2886401541982773     
   17.467868868718167       -1.2339351711501789     
   17.527933668319164       -1.1752386366190306     
   17.583527406094969       -1.1168305057311310     
   17.635026633033725       -1.0593455905227487     
   17.683326537764529       -1.0025914964892235     
   17.729145404769451      -0.94631708974919082     
   17.772998041180703      -0.89033708891991359     
   17.815258480850787      -0.83452404497345511     
   17.856209641006135      -0.77878758170057860     
   17.896074454712931      -0.72305967932041337     
   17.935034892187002      -0.66728585371942373     
   17.973243984550308      -0.61141992854372595     
   18.010833852421516      -0.55542074082709803     
   18.047921263470897      -0.49925003851638894     
   18.084611685586161      -0.44287101853856548     
   18.121002402589987      -0.38624719418333692     
   18.157184982119819      -0.32934150446005822     
   18.193247367269038      -0.27211548976185107     
   18.229275696242304      -0.21452854667581089     
   18.265356076392177      -0.15653703903729937     
   18.301576273334799       -9.8093440867169146E-002
   18.338027613684286       -3.9145138429595439E-002
   18.374807034627164        2.0366892205051054E-002
   18.412019517216308        8.0509784720951535E-002
   18.449781178857293       0.14136113997659877     
   18.488223142856654       0.20301200183655665     
   18.527496692611095       0.26557093601954895     
   18.567780330727306       0.32916969754172931     
   18.609289435782603       0.39397079659265860     
   18.652289751683533       0.46017765819021927     
   18.697115431387765       0.52804653050842232     
   18.744189180418243       0.59789360445185669     
   18.794025966946585       0.67006729288622657     
   18.847133622950118       0.74476657766722254     
   18.903541425883837       0.82138181430249435     
   18.961927833022795       0.89748870648583035     
   19.020189677598566       0.96996710826264809     
   19.077269760517332        1.0374205827640894     
   19.133201262279645        1.0999376584868716     
   19.188412378602393        1.1580344780994383     
   19.243377059063327        1.2121834846795025     
   19.298529398926245        1.2627121201199083     
   19.354267640714522        1.3098099479190071     
   19.410979546076039        1.3535505482605090     
   19.469072957200211        1.3939055394552646     
   19.529012568072108        1.4307465596925091     
   19.591371410723973        1.4638328502242042     
   19.656913765502672        1.4927771914083323     
   19.726740792698859        1.5169695738479301     
   19.802525925765295        1.5353986802716837     
   19.886387920227442        1.5462214561193071     
   19.976025593236844        1.5466045815324541     
   20.062116650953691        1.5360505116347229     
   20.142940497341730        1.5163924884858977     
   20.220755477199681        1.4885621980539891     
   20.298053244160663        1.4523125345763683     
   20.377542137906929        1.4061706292195244     
   20.462594216960678        1.3469836958577490     
   20.462594216960678        1.3469836958577490     
   20.532910119600931        1.2905348293856400     
   20.532910119600931        1.2905348293856400     
   20.594670976781348        1.2354730974035948     
   20.655582851892646        1.1762816001907064     
   20.711784518545016        1.1174937154646885     
   20.763705411413685        1.0597468205640086     
   20.812311772567529        1.0028082333271293     
   20.858366072957359       0.94639717668378198     
   20.902407867814887       0.89031099563913974     
   20.944825355291499       0.83441227751019575     
   20.985910130147836       0.77860457090738922     
   21.025890750079036       0.72281595254095965     
   21.064953044918781       0.66698925571316725     
   21.103252804969678       0.61107636944292720     
   21.140924204920214       0.55503465358494830     
   21.178085559776306       0.49882472176627857     
   21.214843572580698       0.44240880432421087     
   21.251296496499137       0.38574962290587173     
   21.287536692098548       0.32880941743194181     
   21.323652747474121       0.27154911566640355     
   21.359731365649854       0.21392750796109503     
   21.395859106809937       0.15590042782395375     
   21.432124189511814        9.7419728096635017E-002
   21.468618293724067        3.8432251257619135E-002
   21.505438708791946       -2.1121647095407845E-002
   21.542690766393143       -8.1309796918858937E-002
   21.580490900336400      -0.14221052105419471     
   21.618970567860824      -0.20391570168435541     
   21.658281385687165      -0.26653484213943718     
   21.698602156513054      -0.33020070345807656     
   21.740148505771213      -0.39507687493148219     
   21.783186207247478      -0.46136774212821435     
   21.828048734544826      -0.52932976958919065     
   21.875156145234509      -0.59927701920949716     
   21.925015129863784      -0.67154876932779684     
   21.978110535365214      -0.74631673830171474     
   22.034425587119618      -0.82291823137744036     
   22.092619248902672      -0.89891856871050746     
   22.150655253316700      -0.97129464869123838     
   22.207531290646926       -1.0387172880833999     
   22.263287438204429       -1.1012781879865179     
   22.318342130750853       -1.1594793295917909     
   22.373159119050090       -1.2137819248360979     
   22.428164735468673       -1.2645076033546776     
   22.483751243582748       -1.3118442674047401     
   22.540301176206849       -1.3558668503369309     
   22.598217086902025       -1.3965509250413846     
   22.657957607413294       -1.4337748962203900     
   22.720088211964008       -1.4673085048484558     
   22.785363971625650       -1.4967810070488474     
   22.854878169663262       -1.5216095538979628     
   22.930322540009971       -1.5408302641102394     
   23.014030822281537       -1.5526684865735074     
   23.104300170704427       -1.5541768303897698     
   23.190933455701682       -1.5445907392466531     
   23.271821849636599       -1.5258687717488677     
   23.349311482412286       -1.4990949215919795     
   23.425879958969794       -1.4641810305949394     
   23.504013263811629       -1.4199548266191133     
   23.586828925853503       -1.3637153733606677     
   23.586828925853503       -1.3637153733606677     
   23.659895457834910       -1.3062374002634736     
   23.659895457834910       -1.3062374002634736     
   23.723191155730813       -1.2506228884157311     
   23.723191155730813       -1.2506228884157311     
   23.780465465486103       -1.1957583248919001     
   23.836886630608142       -1.1376136262366114     
   23.889695173712155       -1.0796268593080003     
   23.939129985157120       -1.0223348910933270     
   23.985855232204358      -0.96561484855246915     
   24.030431698738951      -0.90927859678234313     
   24.073278820250120      -0.85317819492190405     
   24.114712068680941      -0.79720629838884616     
   24.154976699945490      -0.74128307324317844     
   24.194270186846509      -0.68534599498769977     
   24.232756663679492      -0.62934322790260644     
   24.270576329446133      -0.57322960241510346     
   24.307851952139920      -0.51696392909083344     
   24.344693479389701      -0.46050723530714904     
   24.381201524078737      -0.40382143244175472     
   24.417470062968061      -0.34686831835179360     
   24.453588704838580      -0.28960864765296784     
   24.489644634159841      -0.23200130185727288     
   24.525724372767765      -0.17400248725397305     
   24.561915548685477      -0.11556477969458356     
   24.598308741749868       -5.6636010860194833E-002
   24.634999483610653        2.8420192806563934E-003
   24.672090609211018        6.2935199743863510E-002
   24.709695125330477       0.12371925107116469     
   24.747939840940859       0.18528254196744179     
   24.786970148164922       0.24772990985416810     
   24.826956384108012       0.31118773130593502     
   24.868102686590912       0.37581101193327138     
   24.910659079274854       0.44179257232176494     
   24.954937739636900       0.50937413645540341     
   25.001331947474686       0.57885455777642247     
   25.050324621161142       0.65057299432923366     
   25.102424488021338       0.72477946341368293     
   25.157820444755870       0.80113107643926496     
   25.215570737319396       0.87769558706155248     
   25.273654825182486       0.95135304019054268     
   25.330729779571783        1.0202564309897078     
   25.386625137208494        1.0842262151889352     
   25.441700485083985        1.1437156536864486     
   25.496417381161439        1.1992120936818553     
   25.551210278593121        1.2510753416255587     
   25.606475945198934        1.2995281709409225     
   25.662594337366588        1.3446762379288342     
   25.719956738908110        1.3865242001905367     
   25.778999176468414        1.4249813596931371     
   25.840247493270471        1.4598547529080170     
   25.904388328869992        1.4908250031625609     
   25.972394767180990        1.5173909447463079     
   26.045758642875786        1.5387420547594075     
   26.126764425586597        1.5534315042599351     
   26.216257068223623        1.5587406772810390     
   26.304799475031295        1.5526547225716554     
   26.387177204988387        1.5368387779571797     
   26.465243820841938        1.5128206250746989     
   26.541556842262160        1.4808760611794269     
   26.618467336798293        1.4402682158773121     
   26.698737578208551        1.3889748399583366     
   26.784033093078047        1.3246582617132472     
   26.784033093078047        1.3246582617132472     
   26.849410287366315        1.2686632958223221     
   26.849410287366315        1.2686632958223221     
   26.908127800491801        1.2135439606736862     
   26.965988786064425        1.1548833514077728     
   27.019897617162997        1.0964707420975410     
   27.070144650286363        1.0388777644408387     
   27.117484390748640       0.98194724383087040     
   27.162540412757604       0.92546017592724872     
   27.205770764664841       0.86924922322028186     
   27.247514873416470       0.81319561244508110     
   27.288033494842370       0.75721270852982969     
   27.327534625995284       0.70123375857506776     
   27.366189772492408       0.64520426776105078     
   27.404144463650624       0.58907732387143585     
   27.441525351800223       0.53281063702930875     
   27.478445225212880       0.47636457189886283     
   27.515006730230784       0.41970072397230451     
   27.551305255837793       0.36278081924906802     
   27.587431279203805       0.30556578880796892     
   27.623472371368507       0.24801492472167144     
   27.659514990136724       0.19008507799414529     
   27.695646256114586       0.13172971260269187     
   27.731955751226966        7.2897861372450495E-002
   27.768537467506224        1.3532886245604458E-002
   27.805492042549442       -4.6429060306581199E-002
   27.842929472806780      -0.10706103982431413     
   27.880972547064200      -0.16844800058651543     
   27.919761236621611      -0.23069023085461546     
   27.959458632901768      -0.29390814520888420     
   28.000259043726068      -0.35824876645586617     
   28.042399139630447      -0.42389435632981093     
   28.086173146696421      -0.49107324826398197     
   28.131951548200988      -0.56006978754313130     
   28.180195172829237      -0.63121838331173663     
   28.231421964679370      -0.70481904843354326     
   28.285965747521821      -0.78076645032869618     
   28.343253144340110      -0.85761552645380346     
   28.401402678050882      -0.93233165271062790     
   28.458760730404048       -1.0025745016651919     
   28.514906476708529       -1.0678288945557375     
   28.570119981845131       -1.1284680530352660     
   28.624857012410001       -1.1849978987682441     
   28.679562371302666       -1.2378154217765180     
   28.734640978565871       -1.2871775311193967     
   28.790474468586240       -1.3332186109485800     
   28.847448181392185       -1.3759688082249604     
   28.905982790397712       -1.4153625705804922     
   28.966575406532641       -1.4512353057474865     
   29.029861846696306       -1.4833045340000290     
   29.096724082552846       -1.5111249719469266     
   29.168489387887679       -1.5339867907728140     
   29.247237310085453       -1.5506617186923934     
   29.334922730033796       -1.5587954359929519     
   29.424719945826894       -1.5556662527816549     
   29.508619305872365       -1.5422309983633622     
   29.587529523986625       -1.5203239998732840     
   29.664050966721302       -1.4905189148799922     
   29.740542965837768       -1.4523479005375788     
   29.819583463711751       -1.4041893834843322     
   29.903852809849401       -1.3432311837067286     
   29.903852809849401       -1.3432311837067286     
   29.972131164959759       -1.2867080724767910     
   29.972131164959759       -1.2867080724767910     
   30.032666585407359       -1.2313835420848622     
   30.092347096649352       -1.1721752235084442     
   30.147626185132687       -1.1133287003701819     
   30.198870868992810       -1.0554570320916350     
   30.246959718464755      -0.99835549578678695     
   30.292599535870600      -0.94176461254303023     
   30.336297956971251      -0.88549278866374592     
   30.378424394395868      -0.82940762737692275     
   30.419258685118400      -0.77341471553921803     
   30.459021587529246      -0.71744272840258605     
   30.497893503548902      -0.66143440579018187     
   30.536026333974572      -0.60534117148775002     
   30.573551402159023      -0.54911973031460914     
   30.610584891501905      -0.49272996719376566     
   30.647231936600583      -0.43613330333022432     
   30.683589664014825      -0.37929158606627639     
   30.719749676361506      -0.32216610842186988     
   30.755800126752558      -0.26471676497711732     
   30.791827564292756      -0.20690123462464516     
   30.827918700319355      -0.14867408570867455     
   30.864162172139050       -8.9985793553802873E-002
   30.900650441752820       -3.0781556016516779E-002
   30.937481956394553        2.9000185354245502E-002
   30.974763683945980        8.9429567486264197E-002
   31.012614294029632       0.15058773635593775     
   31.051168247010061       0.21257006769390380     
   31.090581246849609       0.27549055683118451     
   31.131037594138036       0.33948769600373124     
   31.172760405593074       0.40473253278699345     
   31.216025552017612       0.47143891736190030     
   31.261179699236884       0.53987450015095140     
   31.308657791732589       0.61036266392692229     
   31.358972708016420       0.68323345387457335     
   31.412563140609596       0.75857078105715015     
   31.469217108669980       0.83543181911154851     
   31.527352742090727       0.91109509907017738     
   31.585048503621639       0.98275574901252216     
   31.641546524725111        1.0494290585327870     
   31.696996131810970        1.1113391061245170     
   31.751834253360805        1.1689961015926289     
   31.806516505184195        1.2228371670567890     
   31.861459086680942        1.2731587721345978     
   31.917048269188040        1.3201284597430076     
   31.973665745025247        1.3638048354870682     
   32.031718864592946        1.4041493022094316     
   32.091678196533266        1.4410262926593866     
   32.154131967115582        1.4741893970635378     
   32.219877096937637        1.5032456543260020     
   32.290085419968634        1.5275751049920714     
   32.366591365368329        1.5461370208143255     
   32.451763750187105        1.5569722098982939     
   32.542238830141365        1.5570682062525152     
   32.627920462385227        1.5462761404446976     
   32.707991237385222        1.5266098237670016     
   32.784977325441560        1.4989874440466227     
   32.861300416168319        1.4632104553265999     
   32.939415899682182        1.4180125692161769     
   33.022291390449539        1.3606951769580073     
   33.022291390449539        1.3606951769580073     
   33.093966823968941        1.3034896307730881     
   33.093966823968941        1.3034896307730881     
   33.156504048354115        1.2479244737049064     
   33.218196007687290        1.1880844343436394     
   33.274956090324366        1.1287517320997555     
   33.327253458097537        1.0705803737631407     
   33.376119208370064        1.0133032271358624     
   33.422358257352386       0.95661107703990900     
   33.466534612804701       0.90028368479986465     
   33.509050797466735       0.84417304408675520     
   33.550207200108893       0.78817611894627615     
   33.590238132664453       0.73221658185320559     
   33.629333335598567       0.67623419584379396     
   33.667651352150934       0.62017860542067071     
   33.705328328277467       0.56400548592922606     
   33.742484033213763       0.50767411042898691     
   33.779226192878376       0.45114569732176873     
   33.815653787057585       0.39438215562900075     
   33.851859656719903       0.33734508286766923     
   33.887932673673625       0.27999488760831298     
   33.923959622793362       0.22228998954320917     
   33.960027003286612       0.16418591168229535     
   33.996222738281325       0.10563439907604263     
   34.032638074395301        4.6582218856431011E-002
   34.069369597941495       -1.3030131088629491E-002
   34.106521712902214       -7.3270236288729557E-002
   34.144209586116133      -0.13421595072237175     
   34.182562979085944      -0.19595841132779460     
   34.221731257998520      -0.25860603214341277     
   34.261890179743986      -0.32228995654454351     
   34.303251251887616      -0.38717149018909142     
   34.346074584246971      -0.45345178364405553     
   34.390685973672547      -0.52138309008198036     
   34.437495723882392      -0.59127517759748127     
   34.487001559365460      -0.66346824222621870     
   34.539695785545852      -0.73816183960715431     
   34.595631789911621      -0.81480207900669432     
   34.653597884293845      -0.89111077007300776     
   34.711555897696030      -0.96401685043047458     
   34.768398707203609       -1.0320289621187839     
   34.824103984783939       -1.0951594989452200     
   34.879072065552670       -1.1538977248139379     
   34.933764900672180       -1.2087140614643346     
   34.988610059804330       -1.2599430380301009     
   35.043999916197080       -1.3077846762489123     
   35.100314841974956       -1.3523251086866173     
   35.157952278362494       -1.3935510733734275     
   35.217361687724335       -1.4313533686075064     
   35.279093172855532       -1.4655172060078345     
   35.343875851812101       -1.4956935517727312     
   35.412758534186061       -1.5213343504401597     
   35.487364883336141       -1.5415408823927599     
   35.570067138983944       -1.5546716004806038     
   35.660265534377679       -1.5578076379278150     
   35.747617559295414       -1.5496705621638867     
   35.828962212709328       -1.5321871949495616     
   35.906537887853602       -1.5066228791260179     
   35.982842487683413       -1.4730426798825969     
   36.060260245966859       -1.4304862046683566     
   36.141696680852370       -1.3766038945814993     
   36.141696680852370       -1.3766038945814993     
   36.217036133106767       -1.3185716728918446     
   36.217036133106767       -1.3185716728918446     
   36.281601516811492       -1.2627142855605875     
   36.281601516811492       -1.2627142855605875     
   36.339728830085015       -1.2077118063027392     
   36.397000939414781       -1.1492721598756774     
   36.450462693446937       -1.0910383194713582     
   36.500381453797779       -1.0335695142506782     
   36.547473285257581      -0.97672438588329713     
   36.592335479021351      -0.92029756625299719     
   36.635410139765078      -0.86413016387803576     
   36.677026884619998      -0.80810838990235412     
   36.717440181390678      -0.75214857080957842     
   36.756853794168038      -0.69618578721450808     
   36.795436251106281      -0.64016674188029443     
   36.833330946413191      -0.58404529912186509     
   36.870662939304076      -0.52777972614374169     
   36.907543866593059      -0.47133071859185327     
   36.944075529149913      -0.41466007468210403     
   36.980352707653694      -0.35772962873637559     
   37.016465466527478      -0.30050034120038094     
   37.052501137042150      -0.24293145676168854     
   37.088546124392003      -0.18497965810624564     
   37.124687645550608      -0.12659817020770955     
   37.161015521795477       -6.7735725923533607E-002
   37.197624182751042       -8.3352463639403424E-003
   37.234614921874190        5.1667709485262253E-002
   37.272098651888633       0.11234698197381932     
   37.310199408757640       0.17378854201105079     
   37.349058858113679       0.23609404759756863     
   37.388842370922838       0.29938572443812761     
   37.429747358750895       0.36381303546881655     
   37.472014756996046       0.42956154487461817     
   37.515944605533520       0.49686389293118155     
   37.561915006471907       0.56600943234201817     
   37.610394985508393       0.63733552337639399     
   37.661903280433322       0.71113093830668817     
   37.716736743775407       0.78722547878853455     
   37.774209265412672       0.86402060252169222     
   37.832373797186605       0.93842343812602413     
   37.889664550016732        1.0082390629984994     
   37.945745778181241        1.0730688279362248     
   38.000928057843531        1.1333187818025425     
   38.055671471024652        1.1894917780957028     
   38.110418622181847        1.2419737011162721     
   38.165572424141537        1.2910104928933435     
   38.221514448475993        1.3367269444923113     
   38.278632437247559        1.3791444154653001     
   38.337352563127254        1.4181884271018783     
   38.398181853038416        1.4536841032312509     
   38.461773262796193        1.4853354756637209     
   38.529038731589161        1.5126769167316152     
   38.601357957171572        1.5349626577965676     
   38.680873410097355        1.5508890584888402     
   38.769198958236821        1.5579718184110010     
   38.858528670835092        1.5537174127167319     
   38.941867138875963        1.5393650984999918     
   39.020493290672277        1.5166345689150411     
   39.096989691353500        1.4859808215888293     
   39.173717847514375        1.4468251628983742     
   39.253348357015994        1.3973716600051966     
   39.338270310818515        1.3348890586184941     
   39.338270310818515        1.3348890586184941     
   39.405239645341531        1.2786686341791118     
   39.405239645341531        1.2786686341791118     
   39.464970997839423        1.2234836011569614     
   39.523845952582604        1.1645659765932836     
   39.578523698213552        1.1059516351657006     
   39.629335258722662        1.0482362507292347     
   39.677102059830290       0.99123846850132280     
   39.722492924307559       0.93471836710149170     
   39.765993091402983       0.87849605274136500     
   39.807958555207165       0.82244574140478033     
   39.848660665297672       0.76647686482447031     
   39.888314536544065       0.71052041158616264     
   39.927096649183632       0.65452057468948643     
   39.965156103637796       0.59842969968798843     
   40.002622175938974       0.54220508825645097     
   40.039609557445729       0.48580697612811946     
   40.076222287999606       0.42919698299238940     
   40.112556712998888       0.37233703272158486     
   40.148703931586049       0.31518836025414848     
   40.184751799518814       0.25771073393254668     
   40.220786791757526       0.19986158239430687     
   40.256895751048020       0.14159511199618441     
   40.293167668768533        8.2861293930272445E-002
   40.329695583148080        2.3604690682239533E-002
   40.366578797091236       -3.6237090971079577E-002
   40.403925458279993       -9.6735252098348185E-002
   40.441855860230149      -0.15797235967365880     
   40.480506627915744      -0.22004562160914731     
   40.520036389258458      -0.28307147512759750     
   40.560633385037683      -0.34719164204690639     
   40.602526081562807      -0.41258145459867279     
   40.645997646519284      -0.47946039567787679     
   40.691404344709710      -0.54810280942349043     
   40.739192040084227      -0.61883721116905899     
   40.789878204340667      -0.69198505781301434     
   40.843867887382650      -0.76756508453235828     
   40.900814640545171      -0.84444377771643198     
   40.958998678804363      -0.91974678398264165     
   41.016586904686740      -0.99083328783415658     
   41.072961420774661       -1.0569167712758736     
   41.128330612539933       -1.1182906718412244     
   41.183141888420444       -1.1754669539225557     
   41.237847521718294       -1.2288673511580686     
   41.292859498180412       -1.2787722830303823     
   41.348562374289934       -1.3253355910476161     
   41.405339424136642       -1.3686039936520904     
   41.463603457128492       -1.4085275442042056     
   41.523835727065432       -1.4449583742932823     
   41.586643479110670       -1.4776348360774063     
   41.652857119268482       -1.5061420038877333     
   41.723708952470474       -1.5298228900732556     
   41.801129097520977       -1.5475614728013276     
   41.887364030220660       -1.5572385040493049     
   41.977622160751913       -1.5559199106620198     
   42.062547126595042       -1.5439497586343156     
   42.142128918002584       -1.5232831232685684     
   42.218938792503117       -1.4946836596349389     
   42.295373314609236       -1.4578302829936198     
   42.373951656589519       -1.4112918376745893     
   42.457601757065760       -1.3522444479356606     
   42.457601757065760       -1.3522444479356606     
   42.527649809018833       -1.2954001795381680     
   42.527649809018833       -1.2954001795381680     
   42.589244210044519       -1.2399741278344663     
   42.649987798357614       -1.1804591277956040     
   42.706054596694443       -1.1213780831450146     
   42.757863576765253       -1.0633660055190404     
   42.806371762632317       -1.0061868616347673     
   42.852336822099318      -0.94955598463361657     
   42.896295866167542      -0.89326719700790103     
   42.938635725342195      -0.83718016871042034     
   42.979647118706794      -0.78119610644674398     
   43.019558016330635      -0.72524115449511439     
   43.058553771154074      -0.66925661291263661     
   43.096789851559699      -0.61319301642271029     
   43.134400146686573      -0.55700661435086896     
   43.171502762594614      -0.50065702455963235     
   43.208204242799297      -0.44410558384570148     
   43.244602696432558      -0.38731423748768290     
   43.280790387023650      -0.33024448928674632     
   43.316855838239469      -0.27285657063767949     
   43.352885734456507      -0.21510857644596032     
   43.388966636727986      -0.15695567371009880     
   43.425186791297406       -9.8349055120406662E-002
   43.461637994575533       -3.9234800356084870E-002
   43.498417662534337        2.0447480413835369E-002
   43.535631330598193        8.0766458016725273E-002
   43.573395746904303       0.14180144813628306     
   43.611842772131638       0.20364544174712690     
   43.651124590594407       0.26640928189864649     
   43.691420790544619       0.33022737206796005     
   43.732948047987144       0.39526529420852580     
   43.775973503265192       0.46172981068987617     
   43.820832327111553       0.52988009212919507     
   43.867946048631183       0.60003227838810358     
   43.917820288591997       0.67252358350183195     
   43.970927521337067       0.74750724174108352     
   44.027209764547152       0.82426347893131446     
   44.085280164096247       0.90029997910620330     
   44.143134580961977       0.97264245732198185     
   44.199826717253693        1.0400357602106025     
   44.255418668162115        1.1025979872218679     
   44.310330161557239        1.1608314560166366     
   44.365020966094399        1.2151920986909415     
   44.419913476764322        1.2659969609662292     
   44.475397152815155        1.3134310389363364     
   44.531852786447089        1.3575677405601865     
   44.589682071659105        1.3983821300924935     
   44.649343726162144        1.4357529619952707     
   44.711404589222390        1.4694511215040651     
   44.776623430881664        1.4991078684056760     
   44.846102750871623        1.5241433532649169     
   44.921559296543819        1.5435970887425525     
   45.005392051221889        1.5556892303741690     
   45.095839050629110        1.5574236588330519     
   45.182437162683456        1.5480348141323792     
   45.263180648956279        1.5295273930059980     
   45.340473171930277        1.5030050971027269     
   45.416777628361210        1.4684090353942845     
   45.494507745969699        1.4246390795957473     
   45.576626736296930        1.3691641856761434     
   45.576626736296930        1.3691641856761434     
   45.650217916471490        1.3115303161687335     
   45.650217916471490        1.3115303161687335     
   45.713827561792407        1.2558147560221258     
   45.713827561792407        1.2558147560221258     
   45.771315652294859        1.2008741293212606     
   45.827950081855391        1.1426120418889778     
   45.880921589915921        1.0845214573059141     
   45.930475259630093        1.0271462274361187     
   45.977288110749953       0.97035898770317786     
   46.021930246585569       0.91396702675425412     
   46.064827028672347       0.85781931306590209     
   46.106297649773175       0.80180662438375538     
   46.146589819079516       0.74584793486233991     
   46.185902692110496       0.68987993232046385     
   46.224401578501272       0.63385026203860217     
   46.262227505105429       0.57771341963852196     
   46.299503843521151       0.52142797618198822     
   46.336340954218663       0.46495482502798274     
   46.372839744985974       0.40825577908493749     
   46.409094350257014       0.35129263025334811     
   46.445194452782317       0.29402615484247563     
   46.481227193774174       0.23641534741306655     
   46.517279001914062       0.17841651636147665     
   46.553437279092321       0.11998246103939424     
   46.589792277650581        6.1061301987297506E-002
   46.626439076053693        1.5952203312587041E-003
   46.663479919258762       -5.8481201606908929E-002
   46.701027018110807      -0.11924304116505580     
   46.739206146934073      -0.18077784420361678     
   46.778161292247610      -0.24318929971393266     
   46.818060989643477      -0.30660237037547072     
   46.859106935462222      -0.37117014267489751     
   46.901545869379881      -0.43708292308205104     
   46.945685659295258      -0.50457938614758202     
   46.991914339093945      -0.57395542477858785     
   47.040710535331591      -0.64555067789823728     
   47.092588687226069      -0.71963195455938167     
   47.147781146084526      -0.79592375352108402     
   47.205438717392440      -0.87261163030491928     
   47.263555675809215      -0.94656761568887138     
   47.320705250872777       -1.0158156019817695     
   47.376661227363080       -1.0801032370911696     
   47.431768257991607       -1.1398707538220645     
   47.486488518867198       -1.1956126226772488     
   47.541259867832125       -1.2476985048816134     
   47.596481512840242       -1.2963595375452635     
   47.652534185712121       -1.3417081034783676     
   47.709808167970209       -1.3837546157066463     
   47.768736319517906       -1.4224138362244756     
   47.829838182273761       -1.4574987292186721     
   47.893788882734142       -1.4886974842831000     
   47.961540230273179       -1.5155204298381502     
   48.034543800461904       -1.5371782058012107     
   48.115030082505442       -1.5522721010502840     
   48.204114762026556       -1.5581614264096861     
   48.292891126958942       -1.5526653206808441     
   48.375572306353277       -1.5373160775130259     
   48.453830331328611       -1.5137008478889917     
   48.530228797117637       -1.4821488201793411     
   48.607125250200717       -1.4419674518513135     
   48.687262502991693       -1.3911942288710739     
   48.772518049723587       -1.3273680234803094     
   48.772518049723587       -1.3273680234803094     
   48.838289479171337       -1.2713641683029437     
   48.838289479171337       -1.2713641683029437     
   48.897264622163284       -1.2162638567940149     
   48.955383074717183       -1.1575718917752589     
   49.009489516405104       -1.0991361222012799     
   49.059883670589116       -1.0415352379584299     
   49.107336043643613      -0.98460742065951268     
   49.152481211888642      -0.92812936887533959     
   49.195783897822523      -0.87193122697623571     
   49.237587614328753      -0.81589291900478966     
   49.278155790428237      -0.75992709795072733     
   49.317698224488794      -0.70396666232980409     
   49.356387681999287      -0.64795696826637017     
   49.394370598977972      -0.59185106518311870     
   49.431774285175322      -0.53560669873182365     
   49.468711996542702      -0.47918433123021453     
   49.505286730084151      -0.42254565937243321     
   49.541594108547585      -0.36565254867831454     
   49.577724734293596      -0.30846612103373094     
   49.613766226678315      -0.25094587795100148     
   49.649805007564062      -0.19304892045454736     
   49.685928071415475      -0.13472901807671853     
   49.722224785726524       -7.5935561864506007E-002
   49.758788812852437       -1.6612362996381455E-002
   49.795720333073277        4.3303877276777120E-002
   49.833128766187677       0.10388560531473993     
   49.871136064413271       0.16521689067009082     
   49.909881144571095       0.22739699440661054     
   49.949525651781016       0.29054494607180242     
   49.990261941118376       0.35480595215375021     
