  0.52359877559829882        0.0000000000000000     
  0.52359877559829882        0.0000000000000000     
  0.52359877559829882        0.0000000000000000     
  0.52356314389765379       -1.7138013795380939E-003
  0.52339148452643780       -5.3632708728636675E-003
  0.52298803769000235       -1.0920101739079585E-002
  0.52225830716103627       -1.8362005600561962E-002
  0.52110921357234508       -2.7661353151843669E-002
  0.51944911556926421       -3.8785240560973981E-002
  0.51718776181169868       -5.1695918564774297E-002
  0.51423623563875875       -6.6350985008748753E-002
  0.51050688291587254       -8.2703531693431948E-002
  0.50591319756529995      -0.10070234272108640     
  0.50036963895378961      -0.12029216653398249     
  0.49379136021777392      -0.14141404437539384     
  0.48609382612434660      -0.16400567807891814     
  0.47719230854273825      -0.18800179124680838     
  0.46700124642815549      -0.21333445052559663     
  0.45543347676182833      -0.23993327036178075     
  0.44239935057984286      -0.26772543023822831     
  0.42780579436432048      -0.29663536302378862     
  0.41155543559079294      -0.32658392573720091     
  0.39354604028460749      -0.35748674191772079     
  0.37367075456524956      -0.38925120790563311     
  0.35182007026607764      -0.42177138038189949     
  0.32788711040367485      -0.45491966727529931     
  0.30177878931059604      -0.48853405934499966     
  0.27343586168858069      -0.52240064176239764     
  0.24286304231343972      -0.55623467627600720     
  0.21016249520879665      -0.58967139097959564     
  0.17555075042472154      -0.62228458093162153     
  0.13933523340163084      -0.65364213082257427     
  0.10185154272728340      -0.68337673143800681     
   6.3396959371803618E-002 -0.71123092929053378     
   2.4194770155929142E-002 -0.73705787041676718     
  -1.5606911610753968E-002 -0.76079295336813257     
  -5.5918487855998060E-002 -0.78242022485790863     
  -9.6689723466594074E-002 -0.80194648036122451     
 -0.13789483835314534      -0.81938511592979690     
 -0.17952274948953503      -0.83474724544625878     
 -0.22157124347355803      -0.84803714901391958     
 -0.26404371418841421      -0.85924997472896503     
 -0.30694743943400360      -0.86837044212217473     
 -0.35029277412865717      -0.87537185374429172     
 -0.39409290009099274      -0.88021501844930117     
 -0.43836396740236572      -0.88284683182547830     
 -0.48312554184861028      -0.88319829307745090     
 -0.52840135047823644      -0.88118171498859310     
 -0.57422041797187406      -0.87668679388646209     
 -0.62061872289362463      -0.86957503351063314     
 -0.66764160912000270      -0.85967172624248112     
 -0.71534741234146770      -0.84675416367591061     
 -0.76381294026277469      -0.83053382014365584     
 -0.81314191442219719      -0.81062850542706333     
 -0.86347788921961832      -0.78651722925347389     
 -0.91502177973439769      -0.75746527655416807     
 -0.96804076814685314      -0.72240501442186134     
  -1.0227583739153037      -0.67982633985913843     
  -1.0784946457285447      -0.62834518383836890     
  -1.1315760484026485      -0.56955270501888988     
  -1.1783073773104691      -0.50704645106343815     
  -1.2182747236839251      -0.44200686800534611     
  -1.2520900837313960      -0.37401361924752141     
  -1.2801199843518747      -0.30226818927683063     
  -1.3022811351577486      -0.22608373867318968     
  -1.3180791779548933      -0.14541765449248870     
  -1.3268775038743430       -6.1684203683035975E-002
  -1.3285081704232704        2.2539671977369603E-002
  -1.3234870544595778       0.10538519814505219     
  -1.3125373840943220       0.18635863361757127     
  -1.2962142420529468       0.26572059632624240     
  -1.2748266245599920       0.34395951796072349     
  -1.2484559836547069       0.42160420116280145     
  -1.2169610290422421       0.49920993730584262     
  -1.1799371381774701       0.57741283194806547     
  -1.1366201563318179       0.65700437327705286     
  -1.0858260454050495       0.73884542293295163     
  -1.0269733887795529       0.82230498487746861     
  -1.0269733887795529       0.82230498487746861     
 -0.97089702518520993       0.89308246006165959     
 -0.91120375628512806       0.96086774280502107     
 -0.85245363157931253        1.0211759883642721     
 -0.79522517016740357        1.0746194461112806     
 -0.73913153884037353        1.1224764770550646     
 -0.68376217703423381        1.1657182879370240     
 -0.62882618191057738        1.2049969510338552     
 -0.57412760899619164        1.2407534431921643     
 -0.51952979419443457        1.2732965422062981     
 -0.46493165073841725        1.3028494981432193     
 -0.41025360623819002        1.3295772027188018     
 -0.35542935958942362        1.3536024661390189     
 -0.30040067000831622        1.3750162594323618     
 -0.24511394740377024        1.3938843152535652     
 -0.18951783551589810        1.4102514590882145     
 -0.13356126336424584        1.4241444419598688     
  -7.7191886582555699E-002   1.4355736408740456     
  -2.0354571347736949E-002   1.4445339212675841     
   3.7010204308093424E-002   1.4510047570426681     
   9.4967998717557803E-002   1.4549496130471684     
  0.15359244878821574        1.4563145729478824     
  0.21296771115061142        1.4550260510833417     
  0.27319160661743808        1.4509873534068567     
  0.33437956442990163        1.4440737066557829     
  0.39666962751123369        1.4341252118129102     
  0.46022840889775191        1.4209370120299933     
  0.52525688347477650        1.4042460442056242     
  0.59199135675019210        1.3837149933808706     
  0.66068338473369204        1.3589200218300175     
  0.73150777428220493        1.3293713086113264     
  0.80427469020974562        1.2946589266482351     
  0.87787108346837950        1.2548629938318396     
  0.95014917220591599        1.2109254722127130     
   1.0191925439550418        1.1641351500867529     
   1.0842674693986780        1.1153439595344874     
   1.1454565586599774        1.0648835331331599     
   1.2030993257195071        1.0127957900844402     
   1.2575275994651818       0.95899818001332926     
   1.3089918470090964       0.90335298217860283     
   1.3576553064410462       0.84568718235861939     
   1.4036037897916287       0.78579161483404036     
   1.4468549274858733       0.72341031770815856     
   1.4873628982085352       0.65822195571300424     
   1.5250177137967922       0.58980993863170372     
   1.5596379189826686       0.51761192247441823     
   1.5909533722215556       0.44082740304092199     
   1.6185697173124762       0.35822801230383278     
   1.6418894272933118       0.26770270537840163     
   1.6598927720428336       0.16488341645845617     
   1.6701312494477980        3.8264975115008239E-002
   1.6701312494477980        3.8264975115008239E-002
   1.6688862577746892       -6.8381002579341849E-002
   1.6587604101495066      -0.17591216416924951     
   1.6413229704137053      -0.27683727504188405     
   1.6176960248199850      -0.37286329885051234     
   1.5882623523188677      -0.46598658707774537     
   1.5529824270561754      -0.55766934603937601     
   1.5114473089899232      -0.64915600463292666     
   1.4627249215478542      -0.74184804625916889     
   1.4049596275188641      -0.83772870432232760     
   1.3354442868712475      -0.93869578127881448     
   1.3354442868712475      -0.93869578127881448     
   1.2715221847697338       -1.0210294322469666     
   1.2715221847697338       -1.0210294322469666     
   1.2102470666541072       -1.0923871612638920     
   1.1458838013637518       -1.1606229868459446     
   1.0826557658636808       -1.2218236710561772     
   1.0209788557351192       -1.2765603335644227     
  0.96049311847006624       -1.3259072302980734     
  0.90083351947939339       -1.3706912148857622     
  0.84173498295809202       -1.4114855703192148     
  0.78301115855427328       -1.4486911714550432     
  0.72452613889125816       -1.4825967139557894     
  0.66617530381890411       -1.5134156023687155     
  0.60787385413714778       -1.5413080951256979     
  0.54954959848644269       -1.5663951847580446     
  0.49113852604481056       -1.5887674592034060     
  0.43258162684240209       -1.6084910650552040     
  0.37382270331553752       -1.6256116684319577     
  0.31480657764652548       -1.6401571227133782     
  0.25547768430766704       -1.6521391322586367     
  0.19577865815545159       -1.6615541870449384     
  0.13564896912722643       -1.6683838229339853     
   7.5023453933583090E-002  -1.6725942592011036     
   1.3830610045901985E-002  -1.6741353854823913     
  -4.8009418589637531E-002  -1.6729389984445338     
 -0.11058736564128983       -1.6689161200437506     
 -0.17400811036396879       -1.6619531092732576     
 -0.23839484656651699       -1.6519061435110771     
 -0.30389453905991437       -1.6385934356572811     
 -0.37068460410280085       -1.6217843713399653     
 -0.43898044566423539       -1.6011846167253494     
 -0.50904017949260638       -1.5764172440182358     
 -0.58115361776990748       -1.5470049378090878     
 -0.65557101543809126       -1.5123793497178215     
 -0.73224724163517951       -1.4720111866311745     
 -0.81024210904883087       -1.4258513922834559     
 -0.88733294744344027       -1.3748935383978820     
 -0.96122695689070337       -1.3207267680640942     
  -1.0309210069811079       -1.2644654319379023     
  -1.0964414465217338       -1.2065427175869503     
  -1.1581672185021139       -1.1470064558279043     
  -1.2164875138878861       -1.0857459284158066     
  -1.2717037890302543       -1.0225859009753744     
  -1.3240204947674579      -0.95731191053968945     
  -1.3735566018074401      -0.88966736632060295     
  -1.4203569077817542      -0.81933740283342782     
  -1.4643980514802490      -0.74592139770214128     
  -1.5055881595284695      -0.66888804785717249     
  -1.5437585872560184      -0.58749717723935124     
  -1.5786437629910397      -0.50064910461242518     
  -1.6098372718125331      -0.40655469178803649     
  -1.6366825054515250      -0.30187929923831081     
  -1.6578463516276223      -0.17929921863557272     
  -1.6578463516276223      -0.17929921863557272     
  -1.6680294743012514       -5.9568128585818898E-002
  -1.6680294743012514       -5.9568128585818898E-002
  -1.6684081459230160        4.9877554603431594E-002
  -1.6604586780944273       0.15831191364539227     
  -1.6451843598311202       0.26179900469251199     
  -1.6233436693331480       0.36158383947519845     
  -1.5951859511400288       0.45915927695347103     
  -1.5605869402524539       0.55575502678962974     
  -1.5190482507473289       0.65252107076961974     
  -1.4696007283364401       0.75068462463689822     
  -1.4110317899971498       0.85099608813702532     
  -1.4110317899971498       0.85099608813702532     
  -1.3504317779624897       0.94184201136077328     
  -1.3504317779624897       0.94184201136077328     
  -1.2913094247431107        1.0208658227701404     
  -1.2284471041462484        1.0965614716408820     
  -1.1663126726032265        1.1643391126666987     
  -1.1055473911330485        1.2247890989281478     
  -1.0458843656647017        1.2791689427393922     
 -0.98699522997635514        1.3284680876830672     
 -0.92863391497494807        1.3733777151052113     
 -0.87062764841007989        1.4143823924193408     
 -0.81285196536266935        1.4518318614637351     
 -0.75521246415865739        1.4859857780515053     
 -0.69763375408726791        1.5170407253260128     
 -0.64005254593896754        1.5451471805412904     
 -0.58241335633469959        1.5704204586284289     
 -0.52466568938779701        1.5929480230756479     
 -0.46676204641880498        1.6127944963635286     
 -0.40865631404058317        1.6300051502339910     
 -0.35030269499005962        1.6446082051158009     
 -0.29165456838248816        1.6566163812681793     
 -0.23266345675283973        1.6660277548322917     
 -0.17327806161482656        1.6728260181630341     
 -0.11344308042996355        1.6769802116960109     
  -5.3097910389037654E-002   1.6784438652339793     
   7.8249344658591589E-003   1.6771534873223450     
   6.9401905441702910E-002   1.6730262456459217     
  0.13172098810679397        1.6659565948424684     
  0.19488515698235925        1.6558114803350330     
  0.25901702658079412        1.6424235299485250     
  0.32426511004144543        1.6255813548921139     
  0.39081206288734693        1.6050156945525291     
  0.45888501741331805        1.5803796924927160     
  0.52876526480239749        1.5512221391052239     
  0.60078433792864061        1.5169578410389934     
  0.67525401686794473        1.4768668755760275     
  0.75215570173254043        1.4302616820947880     
  0.83030977175174081        1.3771539270565807     
  0.90689780772591133        1.3190661308008524     
  0.97938239310476793        1.2580646776239792     
   1.0469930202544628        1.1952959041800029     
   1.1100014792663109        1.1310427518982531     
   1.1689060519573287        1.0652084998684150     
   1.2241282041148043       0.99757317739352003     
   1.2759574531157862       0.92787369104071382     
   1.3245630907315504       0.85581322641363411     
   1.3700127376289362       0.78104566120119123     
   1.4122835774457259       0.70314673604601174     
   1.4512633923576963       0.62156963848716873     
   1.4867393750466025       0.53557204745381870     
   1.5183681807232896       0.44408522493899594     
   1.5456079163034608       0.34545797231740805     
   1.5675493373962803       0.23694179469706556     
   1.5824123659980893       0.11428325626712593     
   1.5867768344902411       -1.8882720887954556E-002
   1.5797807783752242      -0.14418860856656029     
   1.5637724665749571      -0.25986332092947806     
   1.5400212306227428      -0.36971167825121987     
   1.5087114109989219      -0.47682878419547814     
   1.4692721502936379      -0.58361945333692211     
   1.4203009064302574      -0.69241065302873983     
   1.3603155353051766      -0.80394510334746661     
   1.3603155353051766      -0.80394510334746661     
   1.3038874744355469      -0.89427342641395935     
   1.3038874744355469      -0.89427342641395935     
   1.2483515842662327      -0.97308435691607431     
   1.1890957438899006       -1.0485013326874848     
   1.1301110790525777       -1.1162629878186987     
   1.0720188124478502       -1.1769407195744854     
   1.0146559092572265       -1.2316922724963262     
  0.95778946380924068       -1.2814332114783482     
  0.90124126844783081       -1.3268118959027546     
  0.84488527607954189       -1.3682896049034494     
  0.78863006515942025       -1.4062036813131489     
  0.73240567443205506       -1.4408073063847879     
  0.67615543784906373       -1.4722939753353490     
  0.61983098354849608       -1.5008130017836390     
  0.56338906604563599       -1.5264796972351933     
  0.50678947994312118       -1.5493822479928840     
  0.44999357811366425       -1.5695864677197091     
  0.39296313851249542       -1.5871391030629920     
  0.33565946151266635       -1.6020700923011040     
  0.27804251965815868       -1.6143940532061760     
  0.22007012297084633       -1.6241111306623242     
  0.16169711592463132       -1.6312072753946689     
  0.10287437668420632       -1.6356540132106709     
   4.3547638483796808E-002  -1.6374076521326542     
  -1.6343852603682953E-002  -1.6364078563517299     
  -7.6869208714707996E-002  -1.6325754591849200     
 -0.13810823197651850       -1.6258092705792997     
 -0.20015456928623579       -1.6159815261187995     
 -0.26311995012027456       -1.6029314245705539     
 -0.32714003382096279       -1.5864558864903624     
 -0.39238240998923651       -1.5662962194570003     
 -0.45905714724551661       -1.5421188110890593     
 -0.52742910287467970       -1.5134876388719303     
 -0.59782466610707041       -1.4798288912556119     
 -0.67059925443372115       -1.4404049634675011     
 -0.74593197633469055       -1.3943967332996936     
 -0.82310149854913572       -1.3414359285726138     
 -0.89950339815641889       -1.2827181740115445     
 -0.97204633083660219       -1.2205983858619924     
  -1.0394882563201100       -1.1566138436803488     
  -1.1019979339849206       -1.0911958642503470     
  -1.1601097210442890       -1.0242596312266623     
  -1.2142931956576029      -0.95556043844307181     
  -1.2648687668972980      -0.88480824966342875     
  -1.3120192210857307      -0.81168391046030808     
  -1.3558120307911277      -0.73582325699549100     
  -1.3962128047617142      -0.65678717351192095     
  -1.4330863704401609      -0.57401685950397252     
  -1.4661830004614833      -0.48676302216202955     
  -1.4951018855921572      -0.39396477766681520     
  -1.5192092442811225      -0.29403304062288355     
  -1.5374454410943603      -0.18451556252805681     
  -1.5478678875109848       -6.2525327905586653E-002
  -1.5476608409177837        6.7228324309468457E-002
  -1.5366167274083640       0.19146583344766727     
  -1.5165371977470161       0.30824054646334376     
  -1.4882438019309510       0.42057870999566493     
  -1.4514010191641793       0.53168813587351171     
  -1.4044351379807660       0.64495440955924865     
  -1.3444175558799794       0.76367890260817739     
  -1.3444175558799794       0.76367890260817739     
  -1.2886401541982773       0.85737667352076008     
  -1.2886401541982773       0.85737667352076008     
  -1.2339351711501789       0.93827605244265921     
  -1.1752386366190306        1.0157525941100742     
  -1.1168305057311310        1.0850860643042957     
  -1.0593455905227487        1.1469714404434677     
  -1.0025914964892235        1.2027062964626387     
 -0.94631708974919082        1.2532900026714631     
 -0.89033708891991359        1.2994176551459737     
 -0.83452404497345511        1.3415778892207093     
 -0.77878758170057860        1.3801253137194813     
 -0.72305967932041337        1.4153248593149474     
 -0.66728585371942373        1.4473785319277130     
 -0.61141992854372595        1.4764421097317955     
 -0.55542074082709803        1.5026360366029108     
 -0.49925003851638894        1.5260527180583914     
 -0.44287101853856548        1.5467615452005421     
 -0.38624719418333692        1.5648123991210394     
 -0.32934150446005822        1.5802380492705834     
 -0.27211548976185107        1.5930557442061704     
 -0.21452854667581089        1.6032681335034753     
 -0.15653703903729937        1.6108636460573025     
  -9.8093440867169146E-002   1.6158163101752312     
  -3.9145138429595439E-002   1.6180850474612760     
   2.0366892205051054E-002   1.6176123266854181     
   8.0509784720951535E-002   1.6143220784689336     
  0.14136113997659877        1.6081166365362567     
  0.20301200183655665        1.5988723666953766     
  0.26557093601954895        1.5864334608659769     
  0.32916969754172931        1.5706030536950299     
  0.39397079659265860        1.5511304615457639     
  0.46017765819021927        1.5276926939003579     
  0.52804653050842232        1.4998681122420896     
  0.59789360445185669        1.4671022176794246     
  0.67006729288622657        1.4286803346799146     
  0.74476657766722254        1.3837934900161102     
  0.82138181430249435        1.3320080292892340     
  0.89748870648583035        1.2743446944247909     
  0.96996710826264809        1.2130941929706858     
   1.0374205827640894        1.1498746296567257     
   1.0999376584868716        1.0851875389553012     
   1.1580344780994383        1.0189801480703791     
   1.2121834846795025       0.95102101871207056     
   1.2627121201199083       0.88102737342599602     
   1.3098099479190071       0.80868661437225575     
   1.3535505482605090       0.73364260836798922     
   1.3939055394552646       0.65546725090127200     
   1.4307465596925091       0.57361767260416285     
   1.4638328502242042       0.48736867639826903     
   1.4927771914083323       0.39569751734212721     
   1.5169695738479301       0.29707659168582173     
   1.5353986802716837       0.18913550371885701     
   1.5462214561193071        6.8848591132650377E-002
   1.5466045815324541       -6.0386168924850075E-002
   1.5360505116347229      -0.18481879149005168     
   1.5163924884858977      -0.30158467618768597     
   1.4885621980539891      -0.41361555990323406     
   1.4523125345763683      -0.52414723458732626     
   1.4061706292195244      -0.63656294528109558     
   1.3469836958577490      -0.75480481366148622     
   1.3469836958577490      -0.75480481366148622     
   1.2905348293856400      -0.85040038798443396     
   1.2905348293856400      -0.85040038798443396     
   1.2354730974035948      -0.93230601010493641     
   1.1762816001907064       -1.0107929737300272     
   1.1174937154646885       -1.0808294649194536     
   1.0597468205640086       -1.1431888305502536     
   1.0028082333271293       -1.1992636953748654     
  0.94639717668378198       -1.2501102675587645     
  0.89031099563913974       -1.2964544370521554     
  0.83441227751019575       -1.3388019241163280     
  0.77860457090738922       -1.3775174846496261     
  0.72281595254095965       -1.4128724381820850     
  0.66698925571316725       -1.4450730565951684     
  0.61107636944292720       -1.4742780968969513     
  0.55503465358494830       -1.5006101755346184     
  0.49882472176627857       -1.5241633205139398     
  0.44240880432421087       -1.5450082013265194     
  0.38574962290587173       -1.5631957125219327     
  0.32880941743194181       -1.5787594633440214     
  0.27154911566640355       -1.5917174133640681     
  0.21392750796109503       -1.6020728449072663     
  0.15590042782395375       -1.6098147513857508     
   9.7419728096635017E-002  -1.6149177013170619     
   3.8432251257619135E-002  -1.6173411253949448     
  -2.1121647095407845E-002  -1.6170280032272235     
  -8.1309796918858937E-002  -1.6139027836725222     
 -0.14221052105419471       -1.6078683441959720     
 -0.20391570168435541       -1.5988016365457631     
 -0.26653484213943718       -1.5865475079141955     
 -0.33020070345807656       -1.5709098724585102     
 -0.39507687493148219       -1.5516390315820010     
 -0.46136774212821435       -1.5284133840770771     
 -0.52932976958919065       -1.5008136026005869     
 -0.59927701920949716       -1.4682897345599606     
 -0.67154876932779684       -1.4301375902434303     
 -0.74631673830171474       -1.3855740384224429     
 -0.82291823137744036       -1.3342167330378663     
 -0.89891856871050746       -1.2771137054964270     
 -0.97129464869123838       -1.2164856236501727     
  -1.0387172880833999       -1.1538813248258641     
  -1.1012781879865179       -1.0897856226851406     
  -1.1594793295917909       -1.0241526068306332     
  -1.2137819248360979      -0.95676156298199710     
  -1.2645076033546776      -0.88733922044178382     
  -1.3118442674047401      -0.81558113972357860     
  -1.3558668503369309      -0.74113888777864489     
  -1.3965509250413846      -0.66359249626345873     
  -1.4337748962203900      -0.58240858723319178     
  -1.4673085048484558      -0.49687383437041344     
  -1.4967810070488474      -0.40598003724951720     
  -1.5216095538979628      -0.30821262668651178     
  -1.5408302641102394      -0.20117677874474138     
  -1.5526684865735074       -8.1534976665444944E-002
  -1.5541768303897698        4.8214609682729073E-002
  -1.5445907392466531       0.17312144042750624     
  -1.5258687717488677       0.28976155795104047     
  -1.4990949215919795       0.40118915610923417     
  -1.4641810305949394       0.51063435743860275     
  -1.4199548266191133       0.62120940647659817     
  -1.3637153733606677       0.73661026047751410     
  -1.3637153733606677       0.73661026047751410     
  -1.3062374002634736       0.83631484284298874     
  -1.3062374002634736       0.83631484284298874     
  -1.2506228884157311       0.92062009447323612     
  -1.2506228884157311       0.92062009447323612     
  -1.1957583248919001       0.99488250801924760     
  -1.1376136262366114        1.0658163840336710     
  -1.0796268593080003        1.1298985542857261     
  -1.0223348910933270        1.1875882648778051     
 -0.96561484855246915        1.2398342753006093     
 -0.90927859678234313        1.2874014119315011     
 -0.85317819492190405        1.3308419450744227     
 -0.79720629838884616        1.3705552524601869     
 -0.74128307324317844        1.4068369377249315     
 -0.68534599498769977        1.4399105659339990     
 -0.62934322790260644        1.4699477016771187     
 -0.57322960241510346        1.4970807408875912     
 -0.51696392909083344        1.5214114917091783     
 -0.46050723530714904        1.5430169896783441     
 -0.40382143244175472        1.5619535427660414     
 -0.34686831835179360        1.5782595056635438     
 -0.28960864765296784        1.5919571648485260     
 -0.23200130185727288        1.6030538893690593     
 -0.17400248725397305        1.6115426775905473     
 -0.11556477969458356        1.6174021755464587     
  -5.6636010860194833E-002   1.6205961419902735     
   2.8420192806563934E-003   1.6210723072414768     
   6.2935199743863510E-002   1.6187605283456288     
  0.12371925107116469        1.6135700447548464     
  0.18528254196744179        1.6053855362161660     
  0.24772990985416810        1.5940615125021984     
  0.31118773130593502        1.5794143452361240     
  0.37581101193327138        1.5612108087950343     
  0.44179257232176494        1.5391516178692284     
  0.50937413645540341        1.5128479850814776     
  0.57885455777642247        1.4817905667998905     
  0.65057299432923366        1.4453204078208988     
  0.72477946341368293        1.4026614803707511     
  0.80113107643926496        1.3532477018698077     
  0.87769558706155248        1.2976642275049295     
  0.95135304019054268        1.2379712997938059     
   1.0202564309897078        1.1759997228455996     
   1.0842262151889352        1.1124721930197103     
   1.1437156536864486        1.0474422767257188     
   1.1992120936818553       0.98072224781631212     
   1.2510753416255587       0.91205252457726627     
   1.2995281709409225       0.84114101619213633     
   1.3446762379288342       0.76765682012956549     
   1.3865242001905367       0.69120661015464346     
   1.4249813596931371       0.61129771239255992     
   1.4598547529080170       0.52728050185618403     
   1.4908250031625609       0.43825090748954310     
   1.5173909447463079       0.34287231972881549     
   1.5387420547594075       0.23904217219894702     
   1.5534315042599351       0.12349667575463719     
   1.5587406772810390       -4.9612262934392616E-003
   1.5526547225716554      -0.13256376596236874     
   1.5368387779571797      -0.25141552756541208     
   1.5128206250746989      -0.36384889278449067     
   1.4808760611794269      -0.47323246868229268     
   1.4402682158773121      -0.58255414980512921     
   1.3889748399583366      -0.69516146273197787     
   1.3246582617132472      -0.81245355663553831     
   1.3246582617132472      -0.81245355663553831     
   1.2686632958223221      -0.90016836218891516     
   1.2686632958223221      -0.90016836218891516     
   1.2135439606736862      -0.97692185035959467     
   1.1548833514077728       -1.0503167065703407     
   1.0964707420975410       -1.1163703878335283     
   1.0388777644408387       -1.1756282237643596     
  0.98194724383087040       -1.2291715765793856     
  0.92546017592724872       -1.2778557641171036     
  0.86924922322028186       -1.3222886537738781     
  0.81319561244508110       -1.3629044603513631     
  0.75721270852982969       -1.4000217709326059     
  0.70123375857506776       -1.4338801943400028     
  0.64520426776105078       -1.4646630123328954     
  0.58907732387143585       -1.4925115732607905     
  0.53281063702930875       -1.5175347611788614     
  0.47636457189886283       -1.5398154068993795     
  0.41970072397230451       -1.5594147206652897     
  0.36278081924906802       -1.5763753598216197     
  0.30556578880796892       -1.5907235094211967     
  0.24801492472167144       -1.6024702039882326     
  0.19008507799414529       -1.6116120214982705     
  0.13172971260269187       -1.6181312403870143     
   7.2897861372450495E-002  -1.6219954422476708     
   1.3532886245604458E-002  -1.6231565331996136     
  -4.6429060306581199E-002  -1.6215490937576698     
 -0.10706103982431413       -1.6170878906146833     
 -0.16844800058651543       -1.6096642728689696     
 -0.23069023085461546       -1.5991410516620186     
 -0.29390814520888420       -1.5853452126607099     
 -0.35824876645586617       -1.5680574870221360     
 -0.42389435632981093       -1.5469973528718932     
 -0.49107324826398197       -1.5218015401869136     
 -0.56006978754313130       -1.4919947311936910     
 -0.63121838331173663       -1.4569575176710725     
 -0.70481904843354326       -1.4159308669273112     
 -0.78076645032869618       -1.3682292919350836     
 -0.85761552645380346       -1.3140353412802297     
 -0.93233165271062790       -1.2551385361097449     
  -1.0025745016651919       -1.1935991577518055     
  -1.0678288945557375       -1.1304065840646911     
  -1.1284680530352660       -1.0657341725448224     
  -1.1849978987682441      -0.99943170090856293     
  -1.2378154217765180      -0.93125101176276270     
  -1.2871775311193967      -0.86090780560591684     
  -1.3332186109485800      -0.78808285886021290     
  -1.3759688082249604      -0.71240180643153961     
  -1.4153625705804922      -0.63340204195477434     
  -1.4512353057474865      -0.55048165634899837     
  -1.4833045340000290      -0.46281501378704065     
  -1.5111249719469266      -0.36920123237101021     
  -1.5339867907728140      -0.26777885040502758     
  -1.5506617186923934      -0.15558319268638679     
  -1.5587954359929519       -2.9814095112004967E-002
  -1.5556662527816549        9.9580122859569173E-002
  -1.5422309983633622       0.22069800691531555     
  -1.5203239998732840       0.33449348193579526     
  -1.4905189148799922       0.44440441374127571     
  -1.4523479005375788       0.55346609477616782     
  -1.4041893834843322       0.66484511432611693     
  -1.3432311837067286       0.78147573633663547     
  -1.3432311837067286       0.78147573633663547     
  -1.2867080724767910       0.87382484461532139     
  -1.2867080724767910       0.87382484461532139     
  -1.2313835420848622       0.95366212695893193     
  -1.1721752235084442        1.0301062383406683     
  -1.1133287003701819        1.0985570789012156     
  -1.0554570320916350        1.1596863854809096     
 -0.99835549578678695        1.2147574586933290     
 -0.94176461254303023        1.2647454995299565     
 -0.88549278866374592        1.3103297542873322     
 -0.82940762737692275        1.3519880444832846     
 -0.77341471553921803        1.3900672264980676     
 -0.71744272840258605        1.4248263452419072     
 -0.66143440579018187        1.4564627598814730     
 -0.60534117148775002        1.4851284611966806     
 -0.54911973031460914        1.5109407139678599     
 -0.49272996719376566        1.5339891471319889     
 -0.43613330333022432        1.5543407099579249     
 -0.37929158606627639        1.5720430467633826     
 -0.32216610842186988        1.5871268341644247     
 -0.26471676497711732        1.5996072952053189     
 -0.20690123462464516        1.6094850637801947     
 -0.14867408570867455        1.6167464890792995     
  -8.9985793553802873E-002   1.6213633944486181     
  -3.0781556016516779E-002   1.6232922757438144     
   2.9000185354245502E-002   1.6224728566755646     
   8.9429567486264197E-002   1.6188258579363231     
  0.15058773635593775        1.6122497510985989     
  0.21257006769390380        1.6026161266471872     
  0.27549055683118451        1.5897631031289583     
  0.33948769600373124        1.5734859318126486     
  0.40473253278699345        1.5535234637803532     
  0.47143891736190030        1.5295387206663289     
  0.53987450015095140        1.5010917524846861     
  0.61036266392692229        1.4676067061770448     
  0.68323345387457335        1.4283566313125855     
  0.75857078105715015        1.3825832916978880     
  0.83543181911154851        1.3300965713427535     
  0.91109509907017738        1.2722567699414327     
  0.98275574901252216        1.2112675145042411     
   1.0494290585327870        1.1484517636221803     
   1.1113391061245170        1.0841581098087139     
   1.1689961015926289        1.0182944968182459     
   1.2228371670567890       0.95062908851415262     
   1.2731587721345978       0.88088556246023186     
   1.3201284597430076       0.80875547689078098     
   1.3638048354870682       0.73388248235396236     
   1.4041493022094316       0.65583284173378908     
   1.4410262926593866       0.57405053800197803     
   1.4741893970635378       0.48778483433044856     
   1.5032456543260020       0.39596291466413464     
   1.5275751049920714       0.29695245203083437     
   1.5461370208143255       0.18814734348466311     
   1.5569722098982939        6.6153011771376669E-002
   1.5570682062525152       -6.4119962409856360E-002
   1.5462761404446976      -0.18781449854525253     
   1.5266098237670016      -0.30337575729013472     
   1.4989874440466227      -0.41413177746880092     
   1.4632104553265999      -0.52323330789227174     
   1.4180125692161769      -0.63373706477310177     
   1.3606951769580073      -0.74910222092312084     
   1.3606951769580073      -0.74910222092312084     
   1.3034896307730881      -0.84676064483849567     
   1.3034896307730881      -0.84676064483849567     
   1.2479244737049064      -0.92991009909056610     
   1.1880844343436394       -1.0096364139464455     
   1.1287517320997555       -1.0805997952670821     
   1.0705803737631407       -1.1436375300350985     
   1.0133032271358624       -1.2002353932160166     
  0.95661107703990900       -1.2515091054160470     
  0.90028368479986465       -1.2982184936767727     
  0.84417304408675520       -1.3408891076346074     
  0.78817611894627615       -1.3798979447305970     
  0.73221658185320559       -1.4155244150246804     
  0.67623419584379396       -1.4479804038782242     
  0.62017860542067071       -1.4774287499554084     
  0.56400548592922606       -1.5039951500124489     
  0.50767411042898691       -1.5277760605960924     
  0.45114569732176873       -1.5488440981614833     
  0.39438215562900075       -1.5672517956185497     
  0.33734508286766923       -1.5830341860854504     
  0.27999488760831298       -1.5962105185748758     
  0.22228998954320917       -1.6067852806019800     
  0.16418591168229535       -1.6147486544332563     
  0.10563439907604263       -1.6200764096306073     
   4.6582218856431011E-002  -1.6227292671728213     
  -1.3030131088629491E-002  -1.6226516310681740     
  -7.3270236288729557E-002  -1.6197695922386690     
 -0.13421595072237175       -1.6139879815858937     
 -0.19595841132779460       -1.6051861535326271     
 -0.25860603214341277       -1.5932119958451532     
 -0.32228995654454351       -1.5778733917267798     
 -0.38717149018909142       -1.5589259514070477     
 -0.45345178364405553       -1.5360553603343639     
 -0.52138309008198036       -1.5088523784378487     
 -0.59127517759748127       -1.4767806193306112     
 -0.66346824222621870       -1.4391511146082454     
 -0.73816183960715431       -1.3951827447484737     
 -0.81480207900669432       -1.3444297721890468     
 -0.89111077007300776       -1.2877910024960562     
 -0.96401685043047458       -1.2274476129421061     
  -1.0320289621187839       -1.1650395140326824     
  -1.0951594989452200       -1.1011235062607689     
  -1.1538977248139379       -1.0356839736135830     
  -1.2087140614643346      -0.96851109259103818     
  -1.2599430380301009      -0.89933689976441245     
  -1.3077846762489123      -0.82786209327602756     
  -1.3523251086866173      -0.75374526138398701     
  -1.3935510733734275      -0.67657673713736866     
  -1.4313533686075064      -0.59583859243425219     
  -1.4655172060078345      -0.51084133647190910     
  -1.4956935517727312      -0.42061532041075156     
  -1.5213343504401597      -0.32371057621856281     
  -1.5415408823927599      -0.21782995859981127     
  -1.5546716004806038       -9.9578345879199517E-002
  -1.5578076379278150        3.0145806587669948E-002
  -1.5496705621638867       0.15619992015271980     
  -1.5321871949495616       0.27364002066808063     
  -1.5066228791260179       0.38536841011083534     
  -1.4730426798825969       0.49466213929635500     
  -1.4304862046683566       0.60452585382513968     
  -1.3766038945814993       0.71843706980184208     
  -1.3766038945814993       0.71843706980184208     
  -1.3185716728918446       0.82172946829574589     
  -1.3185716728918446       0.82172946829574589     
  -1.2627142855605875       0.90816926015081589     
  -1.2627142855605875       0.90816926015081589     
  -1.2077118063027392       0.98396325282211694     
  -1.1492721598756774        1.0564091449642254     
  -1.0910383194713582        1.1217139214527989     
  -1.0335695142506782        1.1803854694139211     
 -0.97672438588329713        1.2334497485380072     
 -0.92029756625299719        1.2817249822870862     
 -0.86413016387803576        1.3257966487609349     
 -0.80810838990235412        1.3660851317027942     
 -0.75214857080957842        1.4029000321108698     
 -0.69618578721450808        1.4364747744496140     
 -0.64016674188029443        1.4669881545896464     
 -0.58404529912186509        1.4945781415717088     
 -0.52777972614374169        1.5193509499809950     
 -0.47133071859185327        1.5413872626621088     
 -0.41466007468210403        1.5607464826862336     
 -0.35772962873637559        1.5774696933214534     
 -0.30050034120038094        1.5915816617264185     
 -0.24293145676168854        1.6030921012973982     
 -0.18497965810624564        1.6119963196303830     
 -0.12659817020770955        1.6182753123791613     
  -6.7735725923533607E-002   1.6218953190687611     
  -8.3352463639403424E-003   1.6228067976158846     
   5.1667709485262253E-002   1.6209427039550000     
  0.11234698197381932        1.6162159191818040     
  0.17378854201105079        1.6085155336000474     
  0.23609404759756863        1.5977015666637722     
  0.29938572443812761        1.5835974563440418     
  0.36381303546881655        1.5659792953906622     
  0.42956154487461817        1.5445603355709658     
  0.49686389293118155        1.5189688145638531     
  0.56600943234201817        1.4887179194807496     
  0.63733552337639399        1.4531741419130881     
  0.71113093830668817        1.4115688300808544     
  0.78722547878853455        1.3632440028085688     
  0.86402060252169222        1.3085025300850646     
  0.93842343812602413        1.2492416372137425     
   1.0082390629984994        1.1874656054461237     
   1.0730688279362248        1.1240767994915648     
   1.1333187818025425        1.0592054340282000     
   1.1894917780957028       0.99268619996120455     
   1.2419737011162721       0.92426549671881875     
   1.2910104928933435       0.85365535105007595     
   1.3367269444923113       0.78053181401769822     
   1.3791444154653001       0.70451345563804391     
   1.4181884271018783       0.62512694255285994     
   1.4536841032312509       0.54175379482660391     
   1.4853354756637209       0.45354172879917742     
   1.5126769167316152       0.35924490986233260     
   1.5349626577965676       0.25692459834733272     
   1.5508890584888402       0.14352370507028217     
   1.5579718184110010        1.6735529523343486E-002
   1.5537174127167319      -0.11205162983985464     
   1.5393650984999918      -0.23238371171656469     
   1.5166345689150411      -0.34575577802740387     
   1.4859808215888293      -0.45557844307304513     
   1.4468251628983742      -0.56487649818443253     
   1.3973716600051966      -0.67691538365966941     
   1.3348890586184941      -0.79416606945189949     
   1.3348890586184941      -0.79416606945189949     
   1.2786686341791118      -0.88446050191078607     
   1.2786686341791118      -0.88446050191078607     
   1.2234836011569614      -0.96296175192843769     
   1.1645659765932836       -1.0380830368484424     
   1.1059516351657006       -1.1055051008839141     
   1.0482362507292347       -1.1658409347218144     
  0.99123846850132280       -1.2202706027212971     
  0.93471836710149170       -1.2697150472649146     
  0.87849605274136500       -1.3148216042630094     
  0.82244574140478033       -1.3560488265706161     
  0.76647686482447031       -1.3937311945048931     
  0.71052041158616264       -1.4281193210642640     
  0.65452057468948643       -1.4594045037485075     
  0.59842969968798843       -1.4877341852319195     
  0.54220508825645097       -1.5132220750519185     
  0.48580697612811946       -1.5359549348911594     
  0.42919698299238940       -1.5559973095242592     
  0.37233703272158486       -1.5733947613134289     
  0.31518836025414848       -1.5881761102052292     
  0.25771073393254668       -1.6003548482336467     
  0.19986158239430687       -1.6099299502265179     
  0.14159511199618441       -1.6168861077019374     
   8.2861293930272445E-002  -1.6211934247873989     
   2.3604690682239533E-002  -1.6228065434481627     
  -3.6237090971079577E-002  -1.6216631200876019     
  -9.6735252098348185E-002  -1.6176814908366119     
 -0.15797235967365880       -1.6107572834754360     
 -0.22004562160914731       -1.6007585950756735     
 -0.28307147512759750       -1.5875191205636316     
 -0.34719164204690639       -1.5708283604368551     
 -0.41258145459867279       -1.5504175033224714     
 -0.47946039567787679       -1.5259391536979467     
 -0.54810280942349043       -1.4969392517286666     
 -0.61883721116905899       -1.4628241449744590     
 -0.69198505781301434       -1.4228517134589125     
 -0.76756508453235828       -1.3762840423844065     
 -0.84444377771643198       -1.3230662971244969     
 -0.91974678398264165       -1.2647446287568329     
 -0.99083328783415658       -1.2034881724694404     
  -1.0569167712758736       -1.1404853282031491     
  -1.1182906718412244       -1.0760084895861153     
  -1.1754669539225557       -1.0099389572017807     
  -1.2288673511580686      -0.94203691135502621     
  -1.2787722830303823      -0.87202219753462573     
  -1.3253355910476161      -0.79958166604371750     
  -1.3686039936520904      -0.72435143193209617     
  -1.4085275442042056      -0.64588590428424153     
  -1.4449583742932823      -0.56361051440372767     
  -1.4776348360774063      -0.47674452074651769     
  -1.5061420038877333      -0.38416460310448908     
  -1.5298228900732556      -0.28414923542581927     
  -1.5475614728013276      -0.17395237852614417     
  -1.5572385040493049       -5.0355052182398642E-002
  -1.5559199106620198        7.9654788671261342E-002
  -1.5439497586343156       0.20226097082694908     
  -1.5232831232685684       0.31708053560276001     
  -1.4946836596349389       0.42750792857923470     
  -1.4578302829936198       0.53664623634305664     
  -1.4112918376745893       0.64761399453872537     
  -1.3522444479356606       0.76375617051653377     
  -1.3522444479356606       0.76375617051653377     
  -1.2954001795381680       0.85888044498995786     
  -1.2954001795381680       0.85888044498995786     
  -1.2399741278344663       0.94047574455410499     
  -1.1804591277956040        1.0186607292836813     
  -1.1213780831450146        1.0884528607308226     
  -1.0633660055190404        1.1506082860033209     
  -1.0061868616347673        1.2065048274313417     
 -0.94955598463361657        1.2571906149435266     
 -0.89326719700790103        1.3033870862924108     
 -0.83718016871042034        1.3455972229598401     
 -0.78119610644674398        1.3841838786150085     
 -0.72524115449511439        1.4194169627144149     
 -0.66925661291263661        1.4515015860540921     
 -0.61319301642271029        1.4805955820018277     
 -0.55700661435086896        1.5068207472187374     
 -0.50065702455963235        1.5302704023123439     
 -0.44410558384570148        1.5510145794663703     
 -0.38731423748768290        1.5691035716866990     
 -0.33024448928674632        1.5845704278559711     
 -0.27285657063767949        1.5974325658330062     
 -0.21510857644596032        1.6076927348600087     
 -0.15695567371009880        1.6153393807978218     
  -9.8349055120406662E-002   1.6203465012446261     
  -3.9234800356084870E-002   1.6226729215852020     
   2.0447480413835369E-002   1.6222609484703361     
   8.0766458016725273E-002   1.6190342731531597     
  0.14180144813628306        1.6128948885336596     
  0.20364544174712690        1.6037186900591065     
  0.26640928189864649        1.5913492247331764     
  0.33022737206796005        1.5755887605477197     
  0.39526529420852580        1.5561854771768351     
  0.46172981068987617        1.5328150143757557     
  0.52988009212919507        1.5050544800918673     
  0.60003227838810358        1.4723498038119289     
  0.67252358350183195        1.4339941474197146     
  0.74750724174108352        1.3892124072100231     
  0.82426347893131446        1.3376637910180302     
  0.90029997910620330        1.2804593717300270     
  0.97264245732198185        1.2198108248592856     
   1.0400357602106025        1.1572155696214501     
   1.1025979872218679        1.0931302768821149     
   1.1608314560166366        1.0275015691124973     
   1.2151920986909415       0.96010860411566712     
   1.2659969609662292       0.89067944851073522     
   1.3134310389363364       0.81891070463644089     
   1.3575677405601865       0.74445433591655652     
   1.3983821300924935       0.66689003873499997     
   1.4357529619952707       0.58568303441845571     
   1.4694511215040651       0.50011684749732954     
   1.4991078684056760       0.40917664866291198     
   1.5241433532649169       0.31133287704315959     
   1.5435970887425525       0.20415203614197047     
   1.5556892303741690        8.4198529268367572E-002
   1.5574236588330519       -4.5943678578465409E-002
   1.5480348141323792      -0.17092615374788250     
   1.5295273930059980      -0.28747344975542027     
   1.5030050971027269      -0.39873140026985804     
   1.4684090353942845      -0.50791933048329663     
   1.4246390795957473      -0.61806185559428983     
   1.3691641856761434      -0.73266967454039644     
   1.3691641856761434      -0.73266967454039644     
   1.3115303161687335      -0.83327440135732256     
   1.3115303161687335      -0.83327440135732256     
   1.2558147560221258      -0.91816394156276382     
   1.2558147560221258      -0.91816394156276382     
   1.2008741293212606      -0.99286020482970150     
   1.1426120418889778       -1.0642221229875035     
   1.0845214573059141       -1.1286557378024125     
   1.0271462274361187       -1.1866316074858052     
  0.97035898770317786       -1.2391183405440636     
  0.91396702675425412       -1.2868949475010358     
  0.85781931306590209       -1.3305227646062430     
  0.80180662438375538       -1.3704069901797182     
  0.74584793486233991       -1.4068471789072448     
  0.68987993232046385       -1.4400697136309564     
  0.63385026203860217       -1.4702482467868780     
  0.57771341963852196       -1.4975167792700461     
  0.52142797618198822       -1.5219784134227805     
  0.46495482502798274       -1.5437112477407979     
  0.40825577908493749       -1.5627725113820778     
  0.35129263025334811       -1.5792013623589973     
  0.29402615484247563       -1.5930208321212913     
  0.23641534741306655       -1.6042389907055601     
  0.17841651636147665       -1.6128495436894770     
  0.11998246103939424       -1.6188318528011190     
   6.1061301987297506E-002  -1.6221504464292944     
   1.5952203312587041E-003  -1.6227539111157758     
  -5.8481201606908929E-002  -1.6205730887452181     
 -0.11924304116505580       -1.6155183885256030     
 -0.18077784420361678       -1.6074759222846675     
 -0.24318929971393266       -1.5963020169491906     
 -0.30660237037547072       -1.5818153831781614     
 -0.37117014267489751       -1.5637859044415279     
 -0.43708292308205104       -1.5419185026945792     
 -0.50457938614758202       -1.5158300892121037     
 -0.57395542477858785       -1.4850187622282602     
 -0.64555067789823728       -1.4488334733971202     
 -0.71963195455938167       -1.4064980712251853     
 -0.79592375352108402       -1.3574078443705238     
 -0.87261163030491928       -1.3020448371811657     
 -0.94656761568887138       -1.2424244892144667     
  -1.0158156019817695       -1.1804479880785370     
  -1.0801032370911696       -1.1169006498012179     
  -1.1398707538220645       -1.0518607298239564     
  -1.1956126226772488      -0.98514679743312927     
  -1.2476985048816134      -0.91650036606780649     
  -1.2963595375452635      -0.84563011619416895     
  -1.3417081034783676      -0.77220703893241260     
  -1.3837546157066463      -0.69584141327027915     
  -1.4224138362244756      -0.61604671221282870     
  -1.4574987292186721      -0.53218355814404439     
  -1.4886974842831000      -0.44336530340148955     
  -1.5155204298381502      -0.34828650408325362     
  -1.5371782058012107      -0.24490274399736953     
  -1.5522721010502840      -0.13002790612087073     
  -1.5581614264096861       -2.0754262177225258E-003
  -1.5526653206808441       0.12595144271600542     
  -1.5373160775130259       0.24533074622659551     
  -1.5137008478889917       0.35813256210177347     
  -1.4821488201793411       0.46773796850420757     
  -1.4419674518513135       0.57715162586767021     
  -1.3911942288710739       0.68970763694164638     
  -1.3273680234803094       0.80711605828553501     
  -1.3273680234803094       0.80711605828553501     
  -1.2713641683029437       0.89550737632690991     
  -1.2713641683029437       0.89550737632690991     
  -1.2162638567940149       0.97273567703273567     
  -1.1575718917752589        1.0465982924781936     
  -1.0991361222012799        1.1130292935176496     
  -1.0415352379584299        1.1725901508681214     
 -0.98460742065951268        1.2263864650890783     
 -0.92812936887533959        1.2752899950662380     
 -0.87193122697623571        1.3199186574864670     
 -0.81589291900478966        1.3607129548876646     
 -0.75992709795072733        1.3979956903903801     
 -0.70396666232980409        1.4320094291725631     
 -0.64795696826637017        1.4629396327766948     
 -0.59185106518311870        1.4909293294632857     
 -0.53560669873182365        1.5160887444526157     
 -0.47918433123021453        1.5385018128277266     
 -0.42254565937243321        1.5582307017875434     
 -0.36565254867831454        1.5753189098773173     
 -0.30846612103373094        1.5897933843606622     
 -0.25094587795100148        1.6016658850853143     
 -0.19304892045454736        1.6109336996785821     
 -0.13472901807671853        1.6175798263543573     
  -7.5935561864506007E-002   1.6215726063656548     
  -1.6612362996381455E-002   1.6228647749105023     
   4.3303877276777120E-002   1.6213918519122676     
  0.10388560531473993        1.6170696974675780     
  0.16521689067009082        1.6097909821928327     
  0.22739699440661054        1.5994201489201936     
  0.29054494607180242        1.5857862703067611     
  0.35480595215375021        1.5686728162704591     
