 230         0         182.38
 231         0         182.36
 232         0         182.35
 233         0         182.33
 234         0         182.32
 235         0         182.30
 236         0         182.28
 237         0         182.27
 238         0         182.25
 239         0         182.24
 240         0         182.22
 241         0         182.20
 242         0         182.19
 243         0         182.17
 244         0         182.16
 245         0         182.15
 246         0         182.13
 247         0         182.12
 248         0         182.11
 249         0         182.09
 250         0         182.08
 251         0         182.07
 252         0         182.06
 253         0         182.05
 254         0         182.04
 255         0         182.03
 256         0         182.03
 257         0         182.02
 258         0         182.01
 259         0         182.01
 260         0         182.00
 261         0         182.00
 262         0         181.99
 263         0         181.99
 264         0         181.99
 265         0         181.99
 266         0         181.99
 267         0         181.99
 268         0         181.99
 269         0         181.99
 270         0         182.00
 271         0         182.00
 272         0         182.00
 273         0         182.01
 274         0         182.01
 275         0         182.02
 276         0         182.03
 277         0         182.04
 278         0         182.04
 279         0         182.05
 280         0         182.06
 281         0         182.07
 282         0         182.08
 283         0         182.09
 284         0         182.10
 285         0         182.12
 286         0         182.13
 287         0         182.14
 288         0         182.15
 289         0         182.16
 290         0         182.18
 291         0         182.19
 292         0         182.20
 293         0         182.22
 294         0         182.23
 295         0         182.24
 296         0         182.26
 297         0         182.27
 298         0         182.28
 299         0         182.29
 300         0         182.31
 301         0         182.32
 302         0         182.33
 303         0         182.34
 304         0         182.36
 305         0         182.37
 306         0         182.38
 307         0         182.39
 308         0         182.40
 309         0         182.41
 310         0         182.42
 311         0         182.43
 312         0         182.44
 313         0         182.45
 314         0         182.46
 315         0         182.47
 316         0         182.48
 317         0         182.49
 318         0         182.49
 319         0         182.50
 320         0         182.51
 321         0         182.51
 322         0         182.52
 323         0         182.53
 324         0         182.53
 325         0         182.54
 326         0         182.54
 327         0         182.55
 328         0         182.55
 329         0         182.56
 330         0         182.56
 331         0         182.56
 332         0         182.57
 333         0         182.57
 334         0         182.57
 335         0         182.57
 336         0         182.58
 337         0         182.58
 338         0         182.58
 339         0         182.58
 340         0         182.58
 341         0         182.58
 342         0         182.58
 343         0         182.58
 344         0         182.58
 345         0         182.59
 346         0         182.59
 347         0         182.59
 348         0         182.59
 349         0         182.59
 350         0         182.59
 351         0         182.59
 352         0         182.58
 353         0         182.58
 354         0         182.58
 355         0         182.58
 356         0         182.58
 357         0         182.58
 358         0         182.58
 359         0         182.58
 360         0         182.58
 361         0         182.58
 362         0         182.58
 363         0         182.58
 364         0         182.57
 365         0         182.57
 366         0         182.57
 367         0         182.57
 368         0         182.57
 369         0         182.57
 370         0         182.57
 371         0         182.57
 372         0         182.56
 373         0         182.56
 374         0         182.56
 375         0         182.56
 376         0         182.56
 377         0         182.56
 378         0         182.56
 379         0         182.55
 380         0         182.55
 381         0         182.55
 382         0         182.55
 383         0         182.55
 384         0         182.55
 385         0         182.54
 386         0         182.54
 387         0         182.54
 388         0         182.54
 389         0         182.54
 390         0         182.54
 391         0         182.54
 392         0         182.53
 393         0         182.53
 394         0         182.53
 395         0         182.53
 396         0         182.53
 397         0         182.53
 398         0         182.52
 399         0         182.52
 400         0         182.52
 401         0         182.52
 402         0         182.52
 403         0         182.52
 404         0         182.52
 405         0         182.51
 406         0         182.51
 407         0         182.51
 408         0         182.51
 409         0         182.51
 410         0         182.51
 411         0         182.50
 412         0         182.50
 413         0         182.50
 414         0         182.50
 415         0         182.50
 416         0         182.50
 417         0         182.50
 418         0         182.49
 419         0         182.49
 420         0         182.49
 421         0         182.49
 422         0         182.49
 423         0         182.49
 424         0         182.48
 425         0         182.48
 426         0         182.48
 427         0         182.48
 428         0         182.48
 429         0         182.48
 430         0         182.48
 431         0         182.47
 432         0         182.47
 433         0         182.47
 434         0         182.47
 435         0         182.47
 436         0         182.47
 437         0         182.46
 438         0         182.46
 439         0         182.46
 440         0         182.46
 441         0         182.46
 442         0         182.46
 443         0         182.45
 444         0         182.45
 445         0         182.45
 446         0         182.45
 447         0         182.45
 448         0         182.45
 449         0         182.45
 450         0         182.44
 451         0         182.44
 452         0         182.44
 453         0         182.44
 454         0         182.44
 455         0         182.44
 456         0         182.43
 457         0         182.43
 458         0         182.43
 459         0         182.43
 460         0         182.43
 461         0         182.43
 462         0         182.43
 463         0         182.42
 464         0         182.42
 465         0         182.42
 466         0         182.42
 467         0         182.42
 468         0         182.42
 469         0         182.41
 470         0         182.41
 471         0         182.41
 472         0         182.41
 473         0         182.41
 474         0         182.41
 475         0         182.40
 476         0         182.40
 477         0         182.40
 478         0         182.40
 479         0         182.40
 480         0         182.40
 481         0         182.40
 482         0         182.39
 483         0         182.39
 484         0         182.39
 485         0         182.39
 486         0         182.39
 487         0         182.39
 488         0         182.38
 489         0         182.38
 490         0         182.38
 491         0         182.38
 492         0         182.38
 493         0         182.38
 494         0         182.38
 495         0         182.37
 496         0         182.37
 497         0         182.37
 498         0         182.37
 499         0         182.37
 500         0         182.37
 501         0         182.36
 502         0         182.36
 503         0         182.36
 504         0         182.36
 505         0         182.36
 506         0         182.36
 507         0         182.36
 508         0         182.35
 509         0         182.35
 510         0         182.35
 511         0         182.35
 512         0         182.35
 513         0         182.35
 514         0         182.34
 515         0         182.34
 516         0         182.34
 517         0         182.34
 518         0         182.34
 519         0         182.34
 520         0         182.33
 521         0         182.33
 522         0         182.33
 523         0         182.33
 524         0         182.33
 525         0         182.33
 526         0         182.33
 527         0         182.32
 528         0         182.32
 529         0         182.32
 530         0         182.32
 531         0         182.32
 532         0         182.32
 533         0         182.31
 534         0         182.31
 535         0         182.31
 536         0         182.31
 537         0         182.31
 538         0         182.31
 539         0         182.31
 540         0         182.30
 541         0         182.30
 542         0         182.30
 543         0         182.30
 544         0         182.30
 545         0         182.30
 546         0         182.29
 547         0         182.29
 548         0         182.29
 549         0         182.29
 550         0         182.29
 551         0         182.29
 552         0         182.28
 553         0         182.28
 554         0         182.28
 555         0         182.28
 556         0         182.28
 557         0         182.28
 558         0         182.28
 559         0         182.27
 560         0         182.27
 561         0         182.27
 562         0         182.27
 563         0         182.27
 564         0         182.27
 565         0         182.26
 566         0         182.26
 567         0         182.26
 568         0         182.26
 569         0         182.26
 570         0         182.26
 571         0         182.26
 572         0         182.25
 573         0         182.25
 574         0         182.25
 575         0         182.25
 576         0         182.25
 577         0         182.25
 578         0         182.24
 579         0         182.24
 580         0         182.24
 581         0         182.24
 582         0         182.24
 583         0         182.24
 584         0         182.23
 585         0         182.23
 586         0         182.23
 587         0         182.23
 588         0         182.23
 589         0         182.23
 590         0         182.23
 591         0         182.22
 592         0         182.22
 593         0         182.22
 594         0         182.22
 595         0         182.22
 596         0         182.22
 597         0         182.21
 598         0         182.21
 599         0         182.21
 600         0         182.21
 601         0         182.21
 602         0         182.21
 603         0         182.21
 604         0         182.20
 605         0         182.20
 606         0         182.20
 607         0         182.20
 608         0         182.20
 609         0         182.20
 610         0         182.19
 611         0         182.19
 612         0         182.19
 613         0         182.19
 614         0         182.19
 615         0         182.19
 616         0         182.19
 617         0         182.18
 618         0         182.18
 619         0         182.18
 620         0         182.18
 621         0         182.18
 622         0         182.18
 623         0         182.17
 624         0         182.17
 625         0         182.17
 626         0         182.17
 627         0         182.17
 628         0         182.17
 629         0         182.16
 630         0         182.16
 631         0         182.16
 632         0         182.16
 633         0         182.16
 634         0         182.16
 635         0         182.16
 636         0         182.15
 637         0         182.15
 638         0         182.15
 639         0         182.15
 640         0         182.15
 641         0         182.15
 642         0         182.14
 643         0         182.14
 644         0         182.14
 645         0         182.14
 646         0         182.14
 647         0         182.14
 648         0         182.14
 649         0         182.13
 650         0         182.13
 651         0         182.13
 652         0         182.13
 653         0         182.13
 654         0         182.13
 655         0         182.12
 656         0         182.12
 657         0         182.12
 658         0         182.12
 659         0         182.12
 660         0         182.12
 661         0         182.11
 662         0         182.11
 663         0         182.11
 664         0         182.11
 665         0         182.11
 666         0         182.11
 667         0         182.11
 668         0         182.10
 669         0         182.10
 670         0         182.10
 671         0         182.10
 672         0         182.10
 673         0         182.10
 674         0         182.09
 675         0         182.09
 676         0         182.09
 677         0         182.09
 678         0         182.09
 679         0         182.09
 680         0         182.09
 681         0         182.08
 682         0         182.08
 683         0         182.08
 684         0         182.08
 685         0         182.08
 686         0         182.08
 687         0         182.07
 688         0         182.07
 689         0         182.07
 690         0         182.07
 691         0         182.07
 692         0         182.07
 693         0         182.07
 694         0         182.06
 695         0         182.06
 696         0         182.06
 697         0         182.06
 698         0         182.06
 699         0         182.06
 700         0         182.05
 701         0         182.05
 702         0         182.05
 703         0         182.05
 704         0         182.05
 705         0         182.05
 706         0         182.04
 707         0         182.04
 708         0         182.04
 709         0         182.04
 710         0         182.04
 711         0         182.04
 712         0         182.04
 713         0         182.03
 714         0         182.03
 715         0         182.03
 716         0         182.03
 717         0         182.03
 718         0         182.03
 719         0         182.02
 720         0         182.02
 721         0         182.02
 722         0         182.02
 723         0         182.02
 724         0         182.02
 725         0         182.02
 726         0         182.01
 727         0         182.01
 728         0         182.01
 729         0         182.01
 730         0         182.01
 731         0         182.01
 732         0         182.00
 733         0         182.00
 734         0         182.00
 735         0         182.00
 736         0         182.00
 737         0         182.00
 738         0         181.99
 739         0         181.99
 740         0         181.99
 741         0         181.99
 742         0         181.99
 743         0         181.99
 744         0         181.99
 745         0         181.98
 746         0         181.98
 747         0         181.98
 748         0         181.98
 749         0         181.98
 750         0         181.98
 751         0         181.97
 752         0         181.97
 753         0         181.97
 754         0         181.97
 755         0         181.97
 756         0         181.97
 757         0         181.97
 758         0         181.96
 759         0         181.96
 760         0         181.96
 761         0         181.96
 762         0         181.96
 763         0         181.96
 764         0         181.95
 765         0         181.95
 766         0         181.95
 767         0         181.95
 768         0         181.95
 769         0         181.95
 770         0         181.95
 771         0         181.94
 772         0         181.94
 773         0         181.94
 774         0         181.94
 775         0         181.94
 776         0         181.94
 777         0         181.93
 778         0         181.93
 779         0         181.93
 780         0         181.93
 781         0         181.93
 782         0         181.93
 783         0         181.92
 784         0         181.92
 785         0         181.92
 786         0         181.92
 787         0         181.92
 788         0         181.92
 789         0         181.92
 790         0         181.91
 791         0         181.91
 792         0         181.91
 793         0         181.91
 794         0         181.91
 795         0         181.91
 796         0         181.90
 797         0         181.90
 798         0         181.90
 799         0         181.90
 800         0         181.90
 801         0         181.90
 802         0         181.90
 803         0         181.89
 804         0         181.89
 805         0         181.89
 806         0         181.89
 807         0         181.89
 808         0         181.89
 809         0         181.88
 810         0         181.88
 811         0         181.88
 812         0         181.88
 813         0         181.88
 814         0         181.88
 815         0         181.87
 816         0         181.87
 817         0         181.87
 818         0         181.87
 819         0         181.87
 820         0         181.87
 821         0         181.87
 822         0         181.86
 823         0         181.86
 824         0         181.86
 825         0         181.86
 826         0         181.86
 827         0         181.86
 828         0         181.85
 829         0         181.85
 830         0         181.85
 831         0         181.85
 832         0         181.85
 833         0         181.85
 834         0         181.85
 835         0         181.84
 836         0         181.84
 837         0         181.84
 838         0         181.84
 839         0         181.84
 840         0         181.84
 841         0         181.83
 842         0         181.83
 843         0         181.83
 844         0         181.83
 845         0         181.83
 846         0         181.83
 847         0         181.82
 848         0         181.82
 849         0         181.82
 850         0         181.82
 851         0         181.82
 852         0         181.82
 853         0         181.82
 854         0         181.81
 855         0         181.81
 856         0         181.81
 857         0         181.81
 858         0         181.81
 859         0         181.81
 860         0         181.80
 861         0         181.80
 862         0         181.80
 863         0         181.80
 864         0         181.80
 865         0         181.80
 866         0         181.80
 867         0         181.79
 868         0         181.79
 869         0         181.79
 870         0         181.79
 871         0         181.79
 872         0         181.79
 873         0         181.78
 874         0         181.78
 875         0         181.78
 876         0         181.78
 877         0         181.78
 878         0         181.78
 879         0         181.78
 880         0         181.77
 881         0         181.77
 882         0         181.77
 883         0         181.77
 884         0         181.77
 885         0         181.77
 886         0         181.76
 887         0         181.76
 888         0         181.76
 889         0         181.76
 890         0         181.76
 891         0         181.76
 892         0         181.75
 893         0         181.75
 894         0         181.75
 895         0         181.75
 896         0         181.75
 897         0         181.75
 898         0         181.75
 899         0         181.74
 900         0         181.74
