  0.35812877279682831       0.99875078088737446        2.5000000745058065E-003
   5.0000000745058060E-002   1.0437054025826899E-002
  0.35812877279682831       0.99501247904441392        1.0000000298023226E-002
  0.10000000149011612        4.0969411771551438E-002
  0.35812877279682831       0.98881304427970762        2.2500000670552259E-002
  0.15000000223517418        8.9313351980536373E-002
  0.35812877279682831       0.98019867272251138        4.0000001192092904E-002
  0.20000000298023224       0.15183476775040097     
  0.35812877279682831       0.96923323357367530        6.2500001862645163E-002
  0.25000000372529030       0.22379514915439747     
  0.35812877279682831       0.95599748055100742        9.0000002682209035E-002
  0.30000000447034836       0.29967249824183601     
  0.35812877279682831       0.94058806164739994       0.12250000365078452     
  0.35000000521540642       0.37353565933902350     
  0.35812877279682831       0.92311634418575494       0.16000000476837162     
  0.40000000596046448       0.43944702089609516     
  0.35812877279682831       0.90370707514627335       0.20250000603497031     
  0.45000000670552254       0.49186672462501851     
  0.35812877279682831       0.88249689929703823       0.25000000745058065     
  0.50000000745058060       0.52603151800894554     
  0.35812877279682831       0.85963275972766051       0.30250000901520258     
  0.55000000819563866       0.53828319478595543     
  0.35812877279682831       0.83527020693053344       0.36000001072883614     
  0.60000000894069672       0.52632504679507797     
  0.35812877279682831       0.80957164357103384       0.42250001259148129     
  0.65000000968575478       0.48938964745216179     
  0.35812877279682831       0.78270453252689698       0.49000001460313808     
  0.70000001043081284       0.42830725481877241     
  0.35812877279682831       0.75483959566201486       0.56250001676380645     
  0.75000001117587090       0.34547074405169792     
  0.35812877279682831       0.72614903014859400       0.64000001907348647     
  0.80000001192092896       0.24469979917019180     
  0.35812877279682831       0.69680476799417257       0.72250002153217807     
  0.85000001266598701       0.13101365021448852     
  0.35812877279682831       0.66697680280810390       0.81000002413988126     
  0.90000001341104507        1.0327497565759250E-002
  0.35812877279682831       0.63683160580744180       0.90250002689659614     
  0.95000001415610313      -0.11090746011468412     
  0.35812877279682831       0.60653065067462231        1.0000000298023226     
   1.0000000149011612      -0.22609708358447300     
  0.35812877279682831       0.57622906420520326        1.1025000328570607     
   1.0500000156462193      -0.32890531099130071     
  0.35812877279682831       0.54607441679376634        1.2100000360608103     
   1.1000000163912773      -0.41363786351892873     
  0.35812877279682831       0.51620566377274180        1.3225000394135717     
   1.1500000171363354      -0.47558485927662353     
  0.35812877279682831       0.48675224551540136        1.4400000429153446     
   1.2000000178813934      -0.51130155281784739     
  0.35812877279682831       0.45783335111185064        1.5625000465661292     
   1.2500000186264515      -0.51881068419841680     
  0.35812877279682831       0.42955734739321239        1.6900000503659252     
   1.3000000193715096      -0.49771514554299284     
  0.35812877279682831       0.40202137217681300        1.8225000543147329     
   1.3500000201165676      -0.44921548809206985     
  0.35812877279682831       0.37531108788996009        1.9600000584125523     
   1.4000000208616257      -0.37603280441695047     
  0.35812877279682831       0.34950058925001054        2.1025000626593835     
   1.4500000216066837      -0.28224333475587349     
  0.35812877279682831       0.32465245647352764        2.2500000670552258     
   1.5000000223517418      -0.17303639579390856     
  0.35812877279682831       0.30081794358798092        2.4025000716000799     
   1.5500000230967999       -5.4411597678396172E-002
  0.35812877279682831       0.27803728984691295        2.5600000762939459     
   1.6000000238418579        6.7165446673028290E-002
  0.35812877279682831       0.25634014101576102        2.7225000811368232     
   1.6500000245869160       0.18512777082800499     
  0.35812877279682831       0.23574606640361076        2.8900000861287123     
   1.7000000253319740       0.29317033494719030     
  0.35812877279682831       0.21626515696066845        3.0625000912696132     
   1.7500000260770321       0.38559097891796823     
  0.35812877279682831       0.19789868952911271        3.2400000965595250     
   1.8000000268220901       0.45759010503471986     
  0.35812877279682831       0.18063984240640185        3.4225001019984491     
   1.8500000275671482       0.50551322666969900     
  0.35812877279682831       0.16447444772954906        3.6100001075863846     
   1.9000000283122063       0.52702442661314219     
  0.35812877279682831       0.14938176678619802        3.8025001133233318     
   1.9500000290572643       0.52120322433200250     
  0.35812877279682831       0.13533527517000138        4.0000001192092904     
   2.0000000298023224       0.48856205597681629     
  0.35812877279682831       0.12230344568799802        4.2025001252442609     
   2.0500000305473804       0.43098622541995152     
  0.35812877279682831       0.11025051805946907        4.4100001314282427     
   2.1000000312924385       0.35160250929842746     
  0.35812877279682831        9.9137245682112352E-002   4.6225001377612367     
   2.1500000320374966       0.25458635065127871     
  0.35812877279682831        8.8921611046215404E-002   4.8400001442432412     
   2.2000000327825546       0.14492056066991252     
  0.35812877279682831        7.9559502716486985E-002   5.0625001508742580     
   2.2500000335276127        2.8120531625519550E-002
  0.35812877279682831        7.1005348142487990E-002   5.2900001576542870     
   2.3000000342726707       -9.0057924827120425E-002
  0.35812877279682831        6.3212697873410592E-002   5.5225001645833265     
   2.3500000350177288      -0.20391186814311307     
  0.35812877279682831        5.6134758016048551E-002   5.7600001716613782     
   2.4000000357627869      -0.30807019731610691     
  0.35812877279682831        4.9724868964747260E-002   6.0025001788884413     
   2.4500000365078449      -0.39774446252289208     
  0.35812877279682831        4.3936929531461756E-002   6.2500001862645167     
   2.5000000372529030      -0.46893997502618318     
  0.35812877279682831        3.8725766599338719E-002   6.5025001937896025     
   2.5500000379979610      -0.51861845631912129     
  0.35812877279682831        3.4047451304936402E-002   6.7600002014637006     
   2.6000000387430191      -0.54480655552216750     
  0.35812877279682831        2.9859563516508956E-002   7.0225002092868110     
   2.6500000394880772      -0.54664775663479237     
  0.35812877279682831        2.6121407016363587E-002   7.2900002172589318     
   2.7000000402331352      -0.52439830581578306     
  0.35812877279682831        2.2794178314935507E-002   7.5625002253800648     
   2.7500000409781933      -0.47937064453204625     
  0.35812877279682831        1.9841092426432453E-002   7.8400002336502093     
   2.8000000417232513      -0.41383029659379666     
  0.35812877279682831        1.7227469226513709E-002   8.1225002420693659     
   2.8500000424683094      -0.33085411957971717     
  0.35812877279682831        1.4920784199213447E-002   8.4100002506375340     
   2.9000000432133675      -0.23415922551092327     
  0.35812877279682831        1.2890687472371093E-002   8.7025002593547125     
   2.9500000439584255      -0.12791267191765229     
  0.35812877279682831        1.1108995048409863E-002   9.0000002682209033     
   3.0000000447034836       -1.6532229499163064E-002
  0.35812877279682831        9.5496560712654832E-003   9.3025002772361063     
   3.0500000454485416        9.5511813789907446E-002
  0.35812877279682831        8.1886998417508693E-003   9.6100002864003198     
   3.1000000461935997       0.20388468288478817     
  0.35812877279682831        7.0041661137489461E-003   9.9225002957135455     
   3.1500000469386578       0.30455707706984891     
  0.35812877279682831        5.9760219831372779E-003   10.240000305175784     
   3.2000000476837158       0.39395068031534458     
  0.35812877279682831        5.0860684304984442E-003   10.562500314787032     
   3.2500000484287739       0.46905454432160781     
  0.35812877279682831        4.3178393069614939E-003   10.890000324547293     
   3.3000000491738319       0.52750945239711822     
  0.35812877279682831        3.6564952685834203E-003   11.222500334456566     
   3.3500000499188900       0.56765913352303188     
  0.35812877279682831        3.0887148761826540E-003   11.560000344514849     
   3.4000000506639481       0.58856884474129911     
  0.35812877279682831        2.6025847911281320E-003   11.902500354722145     
   3.4500000514090061       0.59001330251755879     
  0.35812877279682831        2.1874907188799849E-003   12.250000365078453     
   3.5000000521540642       0.57243716415088963     
  0.35812877279682831        1.8340104856608393E-003   12.602500375583771     
   3.5500000528991222       0.53689220193368936     
  0.35812877279682831        1.5338103831164310E-003   12.960000386238100     
   3.6000000536441803       0.48495595790418722     
  0.35812877279682831        1.2795456838835661E-003   13.322500397041443     
   3.6500000543892384       0.41863701574863599     
  0.35812877279682831        1.0647660194589329E-003   13.690000407993796     
   3.7000000551342964       0.34027209442792455     
  0.35812877279682831        8.8382612173140468E-004   14.062500419095162     
   3.7500000558793545       0.25241998405727961     
  0.35812877279682831        7.3180226141653657E-004   14.440000430345538     
   3.8000000566244125       0.15775694684206013     
  0.35812877279682831        6.0441457026100568E-004   14.822500441744927     
   3.8500000573694706        5.8977639289753726E-002
  0.35812877279682831        4.9795530864335156E-004   15.210000453293327     
   3.9000000581145287       -4.1295075514016476E-002
  0.35812877279682831        4.0922303508570703E-004   15.602500464990738     
   3.9500000588595867      -0.14058881687452682     
  0.35812877279682831        3.3546254792199767E-004   16.000000476837162     
   4.0000000596046448      -0.23664705502867928     
  0.35812877279682831        2.7431040044746018E-004   16.402500488832597     
   4.0500000603497028      -0.32748011034753544     
  0.35812877279682831        2.2374573767487433E-004   16.810000500977043     
   4.1000000610947609      -0.41140145777456955     
  0.35812877279682831        1.8204616364753766E-004   17.222500513270500     
   4.1500000618398190      -0.48704965741951184     
  0.35812877279682831        1.4774832139542412E-004   17.640000525712971     
   4.2000000625848770      -0.55339678122167790     
  0.35812877279682831        1.1961285138695484E-004   18.062500538304452     
   4.2500000633299351      -0.60974464465497835     
  0.35812877279682831        9.6593387108531335E-005   18.490000551044947     
   4.3000000640749931      -0.65571047618427780     
  0.35812877279682831        7.7809246675877207E-005   18.922500563934449     
   4.3500000648200512      -0.69120386665092670     
  0.35812877279682831        6.2521485738214143E-005   19.360000576972965     
   4.4000000655651093      -0.71639694245272534     
  0.35812877279682831        5.0111988099187610E-005   19.802500590160495     
   4.4500000663101673      -0.73168971107241487     
  0.35812877279682831        4.0065285303308861E-005   20.250000603497032     
   4.5000000670552254      -0.73767244907441043     
  0.35812877279682831        3.1952813917256701E-005   20.702500616982583     
   4.5500000678002834      -0.73508685691983278     
  0.35812877279682831        2.5419338501262612E-005   21.160000630617148     
   4.6000000685453415      -0.72478750844809958     
  0.35812877279682831        2.0171288577360667E-005   21.622500644400720     
   4.6500000692903996      -0.70770489209145404     
  0.35812877279682831        1.5966778642072794E-005   22.090000658333306     
   4.7000000700354576      -0.68481109132518725     
  0.35812877279682831        1.2607100938446537E-005   22.562500672414902     
   4.7500000707805157      -0.65708889743454524     
  0.35812877279682831        9.9295008968268738E-006   23.040000686645513     
   4.8000000715255737      -0.62550490031225536     
  0.35812877279682831        7.8010645679391965E-006   23.522500701025134     
   4.8500000722706318      -0.59098687233289182     
  0.35812877279682831        6.1135657790785088E-006   24.010000715553765     
   4.9000000730156898      -0.55440555366234345     
  0.35812877279682831        4.7791379872659857E-006   24.502500730231411     
   4.9500000737607479      -0.51656076961192487     
  0.35812877279682831        3.7266517837924255E-006   25.000000745058067     
   5.0000000745058060      -0.47817166463143163     
  0.35812877279682831        2.8986936730802434E-006   25.502500760033733     
   5.0500000752508640      -0.43987072412217160     
  0.35812877279682831        2.2490550953451893E-006   26.010000775158410     
   5.1000000759959221      -0.40220117367855224     
  0.35812877279682831        1.7406527085592731E-006   26.522500790432101     
   5.1500000767409801      -0.36561729356989692     
  0.35812877279682831        1.3438117361728411E-006   27.040000805854802     
   5.2000000774860382      -0.33048716121659222     
  0.35812877279682831        1.0348537860811171E-006   27.562500821426518     
   5.2500000782310963      -0.29709733241009378     
  0.35812877279682831        7.9493902879433587E-007   28.090000837147244     
   5.3000000789761543      -0.26565898903256902     
  0.35812877279682831        6.0912007175661460E-007   28.622500853016980     
   5.3500000797212124      -0.23631511290779864     
  0.35812877279682831        4.6557136927918804E-007   29.160000869035727     
   5.4000000804662704      -0.20914828813340688     
  0.35812877279682831        3.5496365158956612E-007   29.702500885203488     
   5.4500000812113285      -0.18418878405939582     
  0.35812877279682831        2.6995772865009321E-007   30.250000901520259     
   5.5000000819563866      -0.16142262464465468     
  0.35812877279682831        2.0479620811969400E-007   30.802500917986041     
   5.5500000827014446      -0.14079940437562896     
  0.35812877279682831        1.5497524115027764E-007   31.360000934600837     
   5.6000000834465027      -0.12223966392091584     
  0.35812877279682831        1.1698144836749884E-007   31.922500951364643     
   5.6500000841915607      -0.10564168839623717     
  0.35812877279682831        8.8081749320808921E-008   32.490000968277464     
   5.7000000849366188       -9.0887636201889249E-002
  0.35812877279682831        6.6155983783923902E-008   33.062500985339291     
   5.7500000856816769       -7.7848946006082345E-002
  0.35812877279682831        4.9564028346507086E-008   33.640001002550136     
   5.8000000864267349       -6.6391003125217604E-002
  0.35812877279682831        3.7040626618886139E-008   34.222501019909984     
   5.8500000871717930       -5.6377074181896344E-002
  0.35812877279682831        2.7612410245459224E-008   34.810001037418850     
   5.9000000879168510       -4.7671540665926979E-002
  0.35812877279682831        2.0532629617479012E-008   35.402501055076726     
   5.9500000886619091       -4.0142478256980717E-002
  0.35812877279682831        1.5229971574716972E-008   36.000001072883613     
   6.0000000894069672       -3.3663640014026025E-002
  0.35812877279682831        1.1268545852184033E-008   36.602501090839510     
   6.0500000901520252       -2.8115908415206881E-002
  0.35812877279682831        8.3166978454492028E-009   37.210001108944425     
   6.1000000908970833       -2.3388284408311304E-002
  0.35812877279682831        6.1227740706815605E-009   37.822501127198350     
   6.1500000916421413       -1.9378481779804526E-002
  0.35812877279682831        4.4963468867697547E-009   38.440001145601279     
   6.2000000923871994       -1.5993192919339969E-002
  0.35812877279682831        3.2937121931126863E-009   39.062501164153225     
   6.2500000931322575       -1.3148088049805775E-002
  0.35812877279682831        2.4067210129006208E-009   39.690001182854182     
   6.3000000938773155       -1.0767604751006384E-002
  0.35812877279682831        1.7542040759922644E-009   40.322501201704156     
   6.3500000946223736       -8.7845785970630599E-003
  0.35812877279682831        1.2754068510792369E-009   40.960001220703134     
   6.4000000953674316       -7.1397593470848156E-003
  0.35812877279682831        9.2497850185359210E-010   41.602501239851129     
   6.4500000961124897       -5.7812506941340124E-003
  0.35812877279682831        6.6915818784450577E-010   42.250001259148128     
   6.5000000968575478       -4.6639053363092915E-003
  0.35812877279682831        4.8288111113326430E-010   42.902501278594144     
   6.5500000976026058       -3.7487012681270667E-003
  0.35812877279682831        3.4758890250584481E-010   43.560001298189171     
   6.6000000983476639       -3.0021198251006641E-003
  0.35812877279682831        2.4957774178098391E-010   44.222501317933215     
   6.6500000990927219       -2.3955412252294108E-003
  0.35812877279682831        1.7875576754067795E-010   44.890001337826263     
   6.7000000998377800       -1.9046691732857407E-003
  0.35812877279682831        1.2771106874384665E-010   45.562501357868321     
   6.7500001005828381       -1.5089925304131379E-003
  0.35812877279682831        9.1014644933064497E-011   46.240001378059397     
   6.8000001013278961       -1.1912890812431085E-003
  0.35812877279682831        6.4700596227607471E-011   46.922501398399483     
   6.8500001020729542       -9.3717401454726035E-004
  0.35812877279682831        4.5879592322366571E-011   47.610001418888579     
   6.9000001028180122       -7.3469382078314796E-004
  0.35812877279682831        3.2452270054737850E-011   48.302501439526687     
   6.9500001035630703       -5.7396484354714690E-004
  0.35812877279682831        2.2897331737804536E-011   49.000001460313811     
   7.0000001043081284       -4.4685464206003990E-004
  0.35812877279682831        1.6115320047661066E-011   49.702501481249939     
   7.0500001050531864       -3.4670356900380422E-004
  0.35812877279682831        1.1313767701527036E-011   50.410001502335085     
   7.1000001057982445       -2.6808348569091215E-004
  0.35812877279682831        7.9230034240109388E-012   51.122501523569241     
   7.1500001065433025       -2.0659027241786475E-004
  0.35812877279682831        5.5346057963481159E-012   51.840001544952401     
   7.2000001072883606       -1.5866669899879967E-004
  0.35812877279682831        3.8565397078635403E-012   52.562501566484585     
   7.2500001080334187       -1.2145225778336319E-004
  0.35812877279682831        2.6805455087364467E-012   53.290001588165772     
   7.3000001087784767       -9.2656693764228075E-005
  0.35812877279682831        1.8585011154263033E-012   54.022501609995970     
   7.3500001095235348       -7.0454164271118938E-005
  0.35812877279682831        1.2853361763148485E-012   54.760001631975186     
   7.4000001102685928       -5.3395200225871114E-005
  0.35812877279682831        8.8671672462585002E-013   55.502501654103412     
   7.4500001110136509       -4.0333902891376839E-005
  0.35812877279682831        6.1019315630231852E-013   56.250001676380649     
   7.5000001117587090       -3.0368079708226542E-005
  0.35812877279682831        4.1885531310717053E-013   57.002501698806896     
   7.5500001125037670       -2.2790289127756212E-005
  0.35812877279682831        2.8679725404486592E-013   57.760001721382153     
   7.6000001132488251       -1.7048019409788762E-005
  0.35812877279682831        1.9588456327820760E-013   58.522501744106428     
   7.6500001139938831       -1.2711464829477044E-005
  0.35812877279682831        1.3345649057469149E-013   59.290001766979707     
   7.7000001147389412       -9.4475813729845163E-006
  0.35812877279682831        9.0697110596949788E-014   60.062501790002003     
   7.7500001154839993       -6.9993011564790069E-006
  0.35812877279682831        6.1483908386531592E-014   60.840001813173309     
   7.8000001162290573       -5.1689600624959464E-006
  0.35812877279682831        4.1576099739186277E-014   61.622501836493626     
   7.8500001169741154       -3.8051469314021394E-006
  0.35812877279682831        2.8044021301795452E-014   62.410001859962954     
   7.9000001177191734       -2.7923161731655361E-006
  0.35812877279682831        1.8869096030518960E-014   63.202501883581292     
   7.9500001184642315       -2.0426203759242045E-006
  0.35812877279682831        1.2664153471610422E-014   64.000001907348647     
   8.0000001192092896       -1.4895171105731695E-006
  0.35812877279682831        8.4784311710798833E-015   64.802501931265013     
   8.0500001199543476       -1.0827864883422895E-006
  0.35812877279682831        5.6619899814157051E-015   65.610001955330389     
   8.1000001206994057       -7.8466494377197203E-007
  0.35812877279682831        3.7716984043225488E-015   66.422501979544776     
   8.1500001214444637       -5.6685794204561223E-007
  0.35812877279682831        2.5062193760272638E-015   67.240002003908174     
   8.2000001221895218       -4.0824148633433438E-007
  0.35812877279682831        1.6611753279177762E-015   68.062502028420582     
   8.2500001229345798       -2.9310092516837630E-007
  0.35812877279682831        1.0983130023646910E-015   68.890002053082000     
   8.3000001236796379       -2.0978697459580759E-007
  0.35812877279682831        7.2435429827591120E-016   69.722502077892443     
   8.3500001244246960       -1.4969425987367751E-007
  0.35812877279682831        4.7652997249367115E-016   70.560002102851882     
   8.4000001251697540       -1.0648807777190854E-007
  0.35812877279682831        3.1271136542839605E-016   71.402502127960346     
   8.4500001259148121       -7.5521369602764600E-008
  0.35812877279682831        2.0469695093774192E-016   72.250002153217807     
   8.5000001266598701       -5.3396830333608470E-008
  0.35812877279682831        1.3365750358836303E-016   73.102502178624292     
   8.5500001274049282       -3.7639294757869996E-008
  0.35812877279682831        8.7054170281388108E-017   73.960002204179787     
   8.6000001281499863       -2.6451566464459024E-008
  0.35812877279682831        5.6558786086242335E-017   74.822502229884279     
   8.6500001288950443       -1.8533126374200884E-008
  0.35812877279682831        3.6654292614750492E-017   75.690002255737795     
   8.7000001296401024       -1.2946033339213350E-008
  0.35812877279682831        2.3695390440022434E-017   76.562502281740322     
   8.7500001303851604       -9.0161014171195189E-009
  0.35812877279682831        1.5279782050820552E-017   77.440002307891859     
   8.8000001311302185       -6.2603426033997813E-009
  0.35812877279682831        9.8284427823832497E-018   78.322502334192407     
   8.8500001318752766       -4.3338891327341660E-009
  0.35812877279682831        6.3061824506625225E-018   79.210002360641980     
   8.9000001326203346       -2.9913066865405682E-009
  0.35812877279682831        4.0361064621289761E-018   80.102502387240548     
   8.9500001333653927       -2.0584983795639560E-009
  0.35812877279682831        2.5767539990263232E-018   81.000002413988128     
   9.0000001341104507       -1.4123732618169252E-009
  0.35812877279682831        1.6409583869706745E-018   81.902502440884732     
   9.0500001348555088       -9.6618585690686265E-010
  0.35812877279682831        1.0424048920980419E-018   82.810002467930332     
   9.1000001356005669       -6.5900224361407747E-010
  0.35812877279682831        6.6052548347333201E-019   83.722502495124957     
   9.1500001363456249       -4.4815771216317549E-010
  0.35812877279682831        4.1750047901879678E-019   84.640002522468592     
   9.2000001370906830       -3.0387522643324997E-010
  0.35812877279682831        2.6323197506834788E-019   85.562502549961224     
   9.2500001378357410       -2.0543894403542187E-010
  0.35812877279682831        1.6555205284601544E-019   86.490002577602880     
   9.3000001385807991       -1.3848281143639185E-010
  0.35812877279682831        1.0385914957308444E-019   87.422502605393547     
   9.3500001393258572       -9.3075868160927480E-011
  0.35812877279682831        6.4993394146020505E-020   88.360002633333224     
   9.4000001400709152       -6.2374761762651363E-011
  0.35812877279682831        4.0570273643367781E-020   89.302502661421912     
   9.4500001408159733       -4.1678654169217091E-011
  0.35812877279682831        2.5261603836676324E-020   90.250002689659610     
   9.5000001415610313       -2.7768588809507528E-011
  0.35812877279682831        1.5690188706441301E-020   91.202502718046333     
   9.5500001423060894       -1.8447247412510292E-011
  0.35812877279682831        9.7209716705684393E-021   92.160002746582052     
   9.6000001430511475       -1.2219381750291665E-011
  0.35812877279682831        6.0076614634228744E-021   93.122502775266781     
   9.6500001437962055       -8.0706590877803631E-012
  0.35812877279682831        3.7035267851179903E-021   94.090002804100536     
   9.7000001445412636       -5.3151196925479803E-012
  0.35812877279682831        2.2774024936153268E-021   95.062502833083286     
   9.7500001452863216       -3.4903059364224131E-012
  0.35812877279682831        1.3969419439715369E-021   96.040002862215061     
   9.8000001460313797       -2.2854010667240618E-012
  0.35812877279682831        8.5473440744207253E-022   97.022502891495847     
   9.8500001467764378       -1.4921479267400912E-012
  0.35812877279682831        5.2167290431826692E-022   98.010002920925643     
   9.9000001475214958       -9.7143525304008851E-013
  0.35812877279682831        3.1759937344946650E-022   99.002502950504450     
   9.9500001482665539       -6.3062375876177335E-013
  0.35812877279682831        1.9287469739047930E-022   100.00000298023227     
   10.000000149011612       -4.0820959832924315E-013
