  0.58641877890947525       0.99875078088737446        2.5000000745058065E-003
   5.0000000745058060E-002   6.3931358385612390E-003
  0.58641877890947525       0.99501247904441392        1.0000000298023226E-002
  0.10000000149011612        2.5323932224148239E-002
  0.58641877890947525       0.98881304427970762        2.2500000670552259E-002
  0.15000000223517418        5.6055692102741674E-002
  0.58641877890947525       0.98019867272251138        4.0000001192092904E-002
  0.20000000298023224        9.7390686970391604E-002
  0.58641877890947525       0.96923323357367530        6.2500001862645163E-002
  0.25000000372529030       0.14771408084256898     
  0.58641877890947525       0.95599748055100742        9.0000002682209035E-002
  0.30000000447034836       0.20505302516427271     
  0.58641877890947525       0.94058806164739994       0.12250000365078452     
  0.35000000521540642       0.26714864758439794     
  0.58641877890947525       0.92311634418575494       0.16000000476837162     
  0.40000000596046448       0.33153817429882093     
  0.58641877890947525       0.90370707514627335       0.20250000603497031     
  0.45000000670552254       0.39564405730081653     
  0.58641877890947525       0.88249689929703823       0.25000000745058065     
  0.50000000745058060       0.45686673869162531     
  0.58641877890947525       0.85963275972766051       0.30250000901520258     
  0.55000000819563866       0.51267758269943653     
  0.58641877890947525       0.83527020693053344       0.36000001072883614     
  0.60000000894069672       0.56070854459207498     
  0.58641877890947525       0.80957164357103384       0.42250001259148129     
  0.65000000968575478       0.59883532044994681     
  0.58641877890947525       0.78270453252689698       0.49000001460313808     
  0.70000001043081284       0.62525102311473868     
  0.58641877890947525       0.75483959566201486       0.56250001676380645     
  0.75000001117587090       0.63852784254383832     
  0.58641877890947525       0.72614903014859400       0.64000001907348647     
  0.80000001192092896       0.63766465374952375     
  0.58641877890947525       0.69680476799417257       0.72250002153217807     
  0.85000001266598701       0.62211910941976745     
  0.58641877890947525       0.66697680280810390       0.81000002413988126     
  0.90000001341104507       0.59182337174049504     
  0.58641877890947525       0.63683160580744180       0.90250002689659614     
  0.95000001415610313       0.54718327222651575     
  0.58641877890947525       0.60653065067462231        1.0000000298023226     
   1.0000000149011612       0.48906131294206534     
  0.58641877890947525       0.57622906420520326        1.1025000328570607     
   1.0500000156462193       0.41874451203532365     
  0.58641877890947525       0.54607441679376634        1.2100000360608103     
   1.1000000163912773       0.33789862806734455     
  0.58641877890947525       0.51620566377274180        1.3225000394135717     
   1.1500000171363354       0.24851075153536431     
  0.58641877890947525       0.48675224551540136        1.4400000429153446     
   1.2000000178813934       0.15282261268835226     
  0.58641877890947525       0.45783335111185064        1.5625000465661292     
   1.2500000186264515        5.3257211223249445E-002
  0.58641877890947525       0.42955734739321239        1.6900000503659252     
   1.3000000193715096       -4.7658480355566371E-002
  0.58641877890947525       0.40202137217681300        1.8225000543147329     
   1.3500000201165676      -0.14737195317155508     
  0.58641877890947525       0.37531108788996009        1.9600000584125523     
   1.4000000208616257      -0.24338202470493198     
  0.58641877890947525       0.34950058925001054        2.1025000626593835     
   1.4500000216066837      -0.33331158714213005     
  0.58641877890947525       0.32465245647352764        2.2500000670552258     
   1.5000000223517418      -0.41497396147154447     
  0.58641877890947525       0.30081794358798092        2.4025000716000799     
   1.5500000230967999      -0.48643091132480598     
  0.58641877890947525       0.27803728984691295        2.5600000762939459     
   1.6000000238418579      -0.54604076036039739     
  0.58641877890947525       0.25634014101576102        2.7225000811368232     
   1.6500000245869160      -0.59249548418595888     
  0.58641877890947525       0.23574606640361076        2.8900000861287123     
   1.7000000253319740      -0.62484609341719133     
  0.58641877890947525       0.21626515696066845        3.0625000912696132     
   1.7500000260770321      -0.64251606985828946     
  0.58641877890947525       0.19789868952911271        3.2400000965595250     
   1.8000000268220901      -0.64530304551684436     
  0.58641877890947525       0.18063984240640185        3.4225001019984491     
   1.8500000275671482      -0.63336930864623153     
  0.58641877890947525       0.16447444772954906        3.6100001075863846     
   1.9000000283122063      -0.60722206905976139     
  0.58641877890947525       0.14938176678619802        3.8025001133233318     
   1.9500000290572643      -0.56768470621440015     
  0.58641877890947525       0.13533527517000138        4.0000001192092904     
   2.0000000298023224      -0.51586045070789321     
  0.58641877890947525       0.12230344568799802        4.2025001252442609     
   2.0500000305473804      -0.45309010871085997     
  0.58641877890947525       0.11025051805946907        4.4100001314282427     
   2.1000000312924385      -0.38090552839361019     
  0.58641877890947525        9.9137245682112352E-002   4.6225001377612367     
   2.1500000320374966      -0.30098052942986342     
  0.58641877890947525        8.8921611046215404E-002   4.8400001442432412     
   2.2000000327825546      -0.21508097557585629     
  0.58641877890947525        7.9559502716486985E-002   5.0625001508742580     
   2.2500000335276127      -0.12501557272886143     
  0.58641877890947525        7.1005348142487990E-002   5.2900001576542870     
   2.3000000342726707       -3.2588829080907544E-002
  0.58641877890947525        6.3212697873410592E-002   5.5225001645833265     
   2.3500000350177288        6.0442570461075318E-002
  0.58641877890947525        5.6134758016048551E-002   5.7600001716613782     
   2.4000000357627869       0.15240893627125540     
  0.58641877890947525        4.9724868964747260E-002   6.0025001788884413     
   2.4500000365078449       0.24176148390219429     
  0.58641877890947525        4.3936929531461756E-002   6.2500001862645167     
   2.5000000372529030       0.32710041190560663     
  0.58641877890947525        3.8725766599338719E-002   6.5025001937896025     
   2.5500000379979610       0.40719681430679400     
  0.58641877890947525        3.4047451304936402E-002   6.7600002014637006     
   2.6000000387430191       0.48100832076654382     
  0.58641877890947525        2.9859563516508956E-002   7.0225002092868110     
   2.6500000394880772       0.54768856603549576     
  0.58641877890947525        2.6121407016363587E-002   7.2900002172589318     
   2.7000000402331352       0.60659077524343596     
  0.58641877890947525        2.2794178314935507E-002   7.5625002253800648     
   2.7500000409781933       0.65726590849226929     
  0.58641877890947525        1.9841092426432453E-002   7.8400002336502093     
   2.8000000417232513       0.69945593430413366     
  0.58641877890947525        1.7227469226513709E-002   8.1225002420693659     
   2.8500000424683094       0.73308289537885873     
  0.58641877890947525        1.4920784199213447E-002   8.4100002506375340     
   2.9000000432133675       0.75823449188894709     
  0.58641877890947525        1.2890687472371093E-002   8.7025002593547125     
   2.9500000439584255       0.77514693846777016     
  0.58641877890947525        1.1108995048409863E-002   9.0000002682209033     
   3.0000000447034836       0.78418585344915204     
  0.58641877890947525        9.5496560712654832E-003   9.3025002772361063     
   3.0500000454485416       0.78582591594003393     
  0.58641877890947525        8.1886998417508693E-003   9.6100002864003198     
   3.1000000461935997       0.78062998169864739     
  0.58641877890947525        7.0041661137489461E-003   9.9225002957135455     
   3.1500000469386578       0.76922828667134191     
  0.58641877890947525        5.9760219831372779E-003   10.240000305175784     
   3.2000000476837158       0.75229829169927920     
  0.58641877890947525        5.0860684304984442E-003   10.562500314787032     
   3.2500000484287739       0.73054563760062008     
  0.58641877890947525        4.3178393069614939E-003   10.890000324547293     
   3.3000000491738319       0.70468659062814398     
  0.58641877890947525        3.6564952685834203E-003   11.222500334456566     
   3.3500000499188900       0.67543226792696265     
  0.58641877890947525        3.0887148761826540E-003   11.560000344514849     
   3.4000000506639481       0.64347484436439706     
  0.58641877890947525        2.6025847911281320E-003   11.902500354722145     
   3.4500000514090061       0.60947585875505228     
  0.58641877890947525        2.1874907188799849E-003   12.250000365078453     
   3.5000000521540642       0.57405666128680777     
  0.58641877890947525        1.8340104856608393E-003   12.602500375583771     
   3.5500000528991222       0.53779097653038932     
  0.58641877890947525        1.5338103831164310E-003   12.960000386238100     
   3.6000000536441803       0.50119949889624549     
  0.58641877890947525        1.2795456838835661E-003   13.322500397041443     
   3.6500000543892384       0.46474639037870902     
  0.58641877890947525        1.0647660194589329E-003   13.690000407993796     
   3.7000000551342964       0.42883751402201914     
  0.58641877890947525        8.8382612173140468E-004   14.062500419095162     
   3.7500000558793545       0.39382021047374238     
  0.58641877890947525        7.3180226141653657E-004   14.440000430345538     
   3.8000000566244125       0.35998440864170339     
  0.58641877890947525        6.0441457026100568E-004   14.822500441744927     
   3.8500000573694706       0.32756485396291984     
  0.58641877890947525        4.9795530864335156E-004   15.210000453293327     
   3.9000000581145287       0.29674423806167582     
  0.58641877890947525        4.0922303508570703E-004   15.602500464990738     
   3.9500000588595867       0.26765702043520345     
  0.58641877890947525        3.3546254792199767E-004   16.000000476837162     
   4.0000000596046448       0.24039374502174524     
  0.58641877890947525        2.7431040044746018E-004   16.402500488832597     
   4.0500000603497028       0.21500567084104513     
  0.58641877890947525        2.2374573767487433E-004   16.810000500977043     
   4.1000000610947609       0.19150955516428397     
  0.58641877890947525        1.8204616364753766E-004   17.222500513270500     
   4.1500000618398190       0.16989244876800633     
  0.58641877890947525        1.4774832139542412E-004   17.640000525712971     
   4.2000000625848770       0.15011638476744954     
  0.58641877890947525        1.1961285138695484E-004   18.062500538304452     
   4.2500000633299351       0.13212286445419277     
  0.58641877890947525        9.6593387108531335E-005   18.490000551044947     
   4.3000000640749931       0.11583706476916858     
  0.58641877890947525        7.7809246675877207E-005   18.922500563934449     
   4.3500000648200512       0.10117171195815569     
  0.58641877890947525        6.2521485738214143E-005   19.360000576972965     
   4.4000000655651093        8.8030584157974559E-002
  0.58641877890947525        5.0111988099187610E-005   19.802500590160495     
   4.4500000663101673        7.6311621855964698E-002
  0.58641877890947525        4.0065285303308861E-005   20.250000603497032     
   4.5000000670552254        6.5909639181804064E-002
  0.58641877890947525        3.1952813917256701E-005   20.702500616982583     
   4.5500000678002834        5.6718640763923571E-002
  0.58641877890947525        2.5419338501262612E-005   21.160000630617148     
   4.6000000685453415        4.8633758436381930E-002
  0.58641877890947525        2.0171288577360667E-005   21.622500644400720     
   4.6500000692903996        4.1552829511936597E-002
  0.58641877890947525        1.5966778642072794E-005   22.090000658333306     
   4.7000000700354576        3.5377643794386543E-002
  0.58641877890947525        1.2607100938446537E-005   22.562500672414902     
   4.7500000707805157        3.0014890178810621E-002
  0.58641877890947525        9.9295008968268738E-006   23.040000686645513     
   4.8000000715255737        2.5376835797964049E-002
  0.58641877890947525        7.8010645679391965E-006   23.522500701025134     
   4.8500000722706318        2.1381771445193754E-002
  0.58641877890947525        6.1135657790785088E-006   24.010000715553765     
   4.9000000730156898        1.7954256668909555E-002
  0.58641877890947525        4.7791379872659857E-006   24.502500730231411     
   4.9500000737607479        1.5025196714083242E-002
  0.58641877890947525        3.7266517837924255E-006   25.000000745058067     
   5.0000000745058060        1.2531781591923205E-002
  0.58641877890947525        2.8986936730802434E-006   25.502500760033733     
   5.0500000752508640        1.0417315180709767E-002
  0.58641877890947525        2.2490550953451893E-006   26.010000775158410     
   5.1000000759959221        8.6309595679406360E-003
  0.58641877890947525        1.7406527085592731E-006   26.522500790432101     
   5.1500000767409801        7.1274169821293407E-003
  0.58641877890947525        1.3438117361728411E-006   27.040000805854802     
   5.2000000774860382        5.8665687536053933E-003
  0.58641877890947525        1.0348537860811171E-006   27.562500821426518     
   5.2500000782310963        4.8130878858966188E-003
  0.58641877890947525        7.9493902879433587E-007   28.090000837147244     
   5.3000000789761543        3.9360390891063661E-003
  0.58641877890947525        6.0912007175661460E-007   28.622500853016980     
   5.3500000797212124        3.2084775803580966E-003
  0.58641877890947525        4.6557136927918804E-007   29.160000869035727     
   5.4000000804662704        2.6070556322057223E-003
  0.58641877890947525        3.5496365158956612E-007   29.702500885203488     
   5.4500000812113285        2.1116437708023610E-003
  0.58641877890947525        2.6995772865009321E-007   30.250000901520259     
   5.5000000819563866        1.7049717015612854E-003
  0.58641877890947525        2.0479620811969400E-007   30.802500917986041     
   5.5500000827014446        1.3722924705363935E-003
  0.58641877890947525        1.5497524115027764E-007   31.360000934600837     
   5.6000000834465027        1.1010720461383152E-003
  0.58641877890947525        1.1698144836749884E-007   31.922500951364643     
   5.6500000841915607        8.8070541337122816E-004
  0.58641877890947525        8.8081749320808921E-008   32.490000968277464     
   5.7000000849366188        7.0225939261458678E-004
  0.58641877890947525        6.6155983783923902E-008   33.062500985339291     
   5.7500000856816769        5.5824170557892407E-004
  0.58641877890947525        4.9564028346507086E-008   33.640001002550136     
   5.8000000864267349        4.4239528967056683E-004
  0.58641877890947525        3.7040626618886139E-008   34.222501019909984     
   5.8500000871717930        3.4951648565760020E-004
  0.58641877890947525        2.7612410245459224E-008   34.810001037418850     
   5.9000000879168510        2.7529546993940244E-004
  0.58641877890947525        2.0532629617479012E-008   35.402501055076726     
   5.9500000886619091        2.1617715085263105E-004
  0.58641877890947525        1.5229971574716972E-008   36.000001072883613     
   6.0000000894069672        1.6924067895720223E-004
  0.58641877890947525        1.1268545852184033E-008   36.602501090839510     
   6.0500000901520252        1.3209571675142383E-004
  0.58641877890947525        8.3166978454492028E-009   37.210001108944425     
   6.1000000908970833        1.0279365846336367E-004
  0.58641877890947525        6.1227740706815605E-009   37.822501127198350     
   6.1500000916421413        7.9752072257824092E-005
  0.58641877890947525        4.4963468867697547E-009   38.440001145601279     
   6.2000000923871994        6.1690744230490278E-005
  0.58641877890947525        3.2937121931126863E-009   39.062501164153225     
   6.2500000931322575        4.7577826701993654E-005
  0.58641877890947525        2.4067210129006208E-009   39.690001182854182     
   6.3000000938773155        3.6584725106639738E-005
  0.58641877890947525        1.7542040759922644E-009   40.322501201704156     
   6.3500000946223736        2.8048492303453913E-005
  0.58641877890947525        1.2754068510792369E-009   40.960001220703134     
   6.4000000953674316        2.1440631913620695E-005
  0.58641877890947525        9.2497850185359210E-010   41.602501239851129     
   6.4500000961124897        1.6341339987144905E-005
  0.58641877890947525        6.6915818784450577E-010   42.250001259148128     
   6.5000000968575478        1.2418334598516261E-005
  0.58641877890947525        4.8288111113326430E-010   42.902501278594144     
   6.5500000976026058        9.4095343623742643E-006
  0.58641877890947525        3.4758890250584481E-010   43.560001298189171     
   6.6000000983476639        7.1089485013206294E-006
  0.58641877890947525        2.4957774178098391E-010   44.222501317933215     
   6.6500000990927219        5.3552326616650985E-006
  0.58641877890947525        1.7875576754067795E-010   44.890001337826263     
   6.7000000998377800        4.0224462246411766E-006
  0.58641877890947525        1.2771106874384665E-010   45.562501357868321     
   6.7500001005828381        3.0126187538101607E-006
  0.58641877890947525        9.1014644933064497E-011   46.240001378059397     
   6.8000001013278961        2.2497960073519706E-006
  0.58641877890947525        6.4700596227607471E-011   46.922501398399483     
   6.8500001020729542        1.6752903086952983E-006
  0.58641877890947525        4.5879592322366571E-011   47.610001418888579     
   6.9000001028180122        1.2439067642514168E-006
  0.58641877890947525        3.2452270054737850E-011   48.302501439526687     
   6.9500001035630703        9.2095662445746549E-007
  0.58641877890947525        2.2897331737804536E-011   49.000001460313811     
   7.0000001043081284        6.7990278023911557E-007
  0.58641877890947525        1.6115320047661066E-011   49.702501481249939     
   7.0500001050531864        5.0051071864740786E-007
  0.58641877890947525        1.1313767701527036E-011   50.410001502335085     
   7.1000001057982445        3.6740193078884695E-007
  0.58641877890947525        7.9230034240109388E-012   51.122501523569241     
   7.1500001065433025        2.6892641876815130E-007
  0.58641877890947525        5.5346057963481159E-012   51.840001544952401     
   7.2000001072883606        1.9628717185254041E-007
  0.58641877890947525        3.8565397078635403E-012   52.562501566484585     
   7.2500001080334187        1.4286279846340287E-007
  0.58641877890947525        2.6805455087364467E-012   53.290001588165772     
   7.3000001087784767        1.0368537118404619E-007
  0.58641877890947525        1.8585011154263033E-012   54.022501609995970     
   7.3500001095235348        7.5039369054028833E-008
  0.58641877890947525        1.2853361763148485E-012   54.760001631975186     
   7.4000001102685928        5.4154732360417560E-008
  0.58641877890947525        8.8671672462585002E-013   55.502501654103412     
   7.4500001110136509        3.8972777085029944E-008
  0.58641877890947525        6.1019315630231852E-013   56.250001676380649     
   7.5000001117587090        2.7968301160543537E-008
  0.58641877890947525        4.1885531310717053E-013   57.002501698806896     
   7.5500001125037670        2.0014864801011980E-008
  0.58641877890947525        2.8679725404486592E-013   57.760001721382153     
   7.6000001132488251        1.4283119521367680E-008
  0.58641877890947525        1.9588456327820760E-013   58.522501744106428     
   7.6500001139938831        1.0164341927227413E-008
  0.58641877890947525        1.3345649057469149E-013   59.290001766979707     
   7.7000001147389412        7.2131199327600092E-009
  0.58641877890947525        9.0697110596949788E-014   60.062501790002003     
   7.7500001154839993        5.1045397804193434E-009
  0.58641877890947525        6.1483908386531592E-014   60.840001813173309     
   7.8000001162290573        3.6023126507319016E-009
  0.58641877890947525        4.1576099739186277E-014   61.622501836493626     
   7.8500001169741154        2.5351249107483011E-009
  0.58641877890947525        2.8044021301795452E-014   62.410001859962954     
   7.9000001177191734        1.7791485424530015E-009
  0.58641877890947525        1.8869096030518960E-014   63.202501883581292     
   7.9500001184642315        1.2451499110422893E-009
  0.58641877890947525        1.2664153471610422E-014   64.000001907348647     
   8.0000001192092896        8.6901910222903822E-010
  0.58641877890947525        8.4784311710798833E-015   64.802501931265013     
   8.0500001199543476        6.0483494921367724E-010
  0.58641877890947525        5.6619899814157051E-015   65.610001955330389     
   8.1000001206994057        4.1980334805324048E-010
  0.58641877890947525        3.7716984043225488E-015   66.422501979544776     
   8.1500001214444637        2.9057479412658823E-010
  0.58641877890947525        2.5062193760272638E-015   67.240002003908174     
   8.2000001221895218        2.0057394846970894E-010
  0.58641877890947525        1.6611753279177762E-015   68.062502028420582     
   8.2500001229345798        1.3806930692492453E-010
  0.58641877890947525        1.0983130023646910E-015   68.890002053082000     
   8.3000001236796379        9.4782303877342305E-011
  0.58641877890947525        7.2435429827591120E-016   69.722502077892443     
   8.3500001244246960        6.4888285892737035E-011
  0.58641877890947525        4.7652997249367115E-016   70.560002102851882     
   8.4000001251697540        4.4301218100669668E-011
  0.58641877890947525        3.1271136542839605E-016   71.402502127960346     
   8.4500001259148121        3.0163152493873994E-011
  0.58641877890947525        2.0469695093774192E-016   72.250002153217807     
   8.5000001266598701        2.0480984622822255E-011
  0.58641877890947525        1.3365750358836303E-016   73.102502178624292     
   8.5500001274049282        1.3868812903574392E-011
  0.58641877890947525        8.7054170281388108E-017   73.960002204179787     
   8.6000001281499863        9.3657679517909337E-012
  0.58641877890947525        5.6558786086242335E-017   74.822502229884279     
   8.6500001288950443        6.3076038276089487E-012
  0.58641877890947525        3.6654292614750492E-017   75.690002255737795     
   8.7000001296401024        4.2364645120663551E-012
  0.58641877890947525        2.3695390440022434E-017   76.562502281740322     
   8.7500001303851604        2.8376713982558202E-012
  0.58641877890947525        1.5279782050820552E-017   77.440002307891859     
   8.8000001311302185        1.8955759493532235E-012
  0.58641877890947525        9.8284427823832497E-018   78.322502334192407     
   8.8500001318752766        1.2628216020927696E-012
  0.58641877890947525        6.3061824506625225E-018   79.210002360641980     
   8.9000001326203346        8.3900719817353803E-013
  0.58641877890947525        4.0361064621289761E-018   80.102502387240548     
   8.9500001333653927        5.5592136816836995E-013
  0.58641877890947525        2.5767539990263232E-018   81.000002413988128     
   9.0000001341104507        3.6735516269146080E-013
  0.58641877890947525        1.6409583869706745E-018   81.902502440884732     
   9.0500001348555088        2.4209460408416359E-013
  0.58641877890947525        1.0424048920980419E-018   82.810002467930332     
   9.1000001356005669        1.5911507075534227E-013
  0.58641877890947525        6.6052548347333201E-019   83.722502495124957     
   9.1500001363456249        1.0429555746281315E-013
  0.58641877890947525        4.1750047901879678E-019   84.640002522468592     
   9.2000001370906830        6.8178840941145126E-014
  0.58641877890947525        2.6323197506834788E-019   85.562502549961224     
   9.2500001378357410        4.4449177934851770E-014
  0.58641877890947525        1.6555205284601544E-019   86.490002577602880     
   9.3000001385807991        2.8900752771787644E-014
  0.58641877890947525        1.0385914957308444E-019   87.422502605393547     
   9.3500001393258572        1.8740744827070588E-014
  0.58641877890947525        6.4993394146020505E-020   88.360002633333224     
   9.4000001400709152        1.2119864441514796E-014
  0.58641877890947525        4.0570273643367781E-020   89.302502661421912     
   9.4500001408159733        7.8170490028945985E-015
  0.58641877890947525        2.5261603836676324E-020   90.250002689659610     
   9.5000001415610313        5.0283208516502318E-015
  0.58641877890947525        1.5690188706441301E-020   91.202502718046333     
   9.5500001423060894        3.2258123949344952E-015
  0.58641877890947525        9.7209716705684393E-021   92.160002746582052     
   9.6000001430511475        2.0639163641008300E-015
  0.58641877890947525        6.0076614634228744E-021   93.122502775266781     
   9.6500001437962055        1.3169910301026451E-015
  0.58641877890947525        3.7035267851179903E-021   94.090002804100536     
   9.7000001445412636        8.3813143584767819E-016
  0.58641877890947525        2.2774024936153268E-021   95.062502833083286     
   9.7500001452863216        5.3196232422996955E-016
  0.58641877890947525        1.3969419439715369E-021   96.040002862215061     
   9.8000001460313797        3.3673625561796130E-016
  0.58641877890947525        8.5473440744207253E-022   97.022502891495847     
   9.8500001467764378        2.1258859110318064E-016
  0.58641877890947525        5.2167290431826692E-022   98.010002920925643     
   9.9000001475214958        1.3385416839505638E-016
  0.58641877890947525        3.1759937344946650E-022   99.002502950504450     
   9.9500001482665539        8.4055571242522326E-017
  0.58641877890947525        1.9287469739047930E-022   100.00000298023227     
   10.000000149011612        5.2643473614662567E-017
