   1.4142135623730951       0.99875078088737446       0.22360679941597944     
   5.0000000745058060E-002  0.31346694516016921     
   1.4142135623730951       0.99501247904441392       0.31622776837291838     
  0.10000000149011612       0.43170029119609593     
   1.4142135623730951       0.98881304427970762       0.38729833750633913     
  0.15000000223517418       0.50544778124396583     
   1.4142135623730951       0.98019867272251138       0.44721359883195888     
  0.20000000298023224       0.54702145060199081     
   1.4142135623730951       0.96923323357367530       0.50000000372529030     
  0.25000000372529030       0.56083585038794082     
   1.4142135623730951       0.95599748055100742       0.54772256158601718     
  0.30000000447034836       0.54948135173343138     
   1.4142135623730951       0.94058806164739994       0.59160798271778448     
  0.35000000521540642       0.51522011269531853     
   1.4142135623730951       0.92311634418575494       0.63245553674583677     
  0.40000000596046448       0.46048508695018214     
   1.4142135623730951       0.90370707514627335       0.67082039824793827     
  0.45000000670552254       0.38805015522731628     
   1.4142135623730951       0.88249689929703823       0.70710678645490355     
  0.50000000745058060       0.30106012736836413     
   1.4142135623730951       0.85963275972766051       0.74161985423506471     
  0.55000000819563866       0.20298940767057946     
   1.4142135623730951       0.83527020693053344       0.77459667501267826     
  0.60000000894069672        9.7560159464196258E-002
   1.4142135623730951       0.80957164357103384       0.80622578083670504     
  0.65000000968575478       -1.1363218457037997E-002
   1.4142135623730951       0.78270453252689698       0.83666003276767853     
  0.70000001043081284      -0.11989233074392579     
   1.4142135623730951       0.75483959566201486       0.86602541023683066     
  0.75000001117587090      -0.22423751592043184     
   1.4142135623730951       0.72614903014859400       0.89442719766391776     
  0.80000001192092896      -0.32082837218149002     
   1.4142135623730951       0.69680476799417257       0.92195445259838460     
  0.85000001266598701      -0.40642643945059298     
   1.4142135623730951       0.66697680280810390       0.94868330511875509     
  0.90000001341104507      -0.47822530183865841     
   1.4142135623730951       0.63683160580744180       0.97467944174282406     
  0.95000001415610313      -0.53393425614075862     
   1.4142135623730951       0.60653065067462231        1.0000000074505806     
   1.0000000149011612      -0.57184259849492247     
   1.4142135623730951       0.57622906420520326        1.0246950842305331     
   1.0500000156462193      -0.59086251765539155     
   1.4142135623730951       0.54607441679376634        1.0488088559843864     
   1.1000000163912773      -0.59054953313433278     
   1.4142135623730951       0.51620566377274180        1.0723805374662183     
   1.1500000171363354      -0.57110035302535900     
   1.4142135623730951       0.48675224551540136        1.0954451231720344     
   1.2000000178813934      -0.53332891889422085     
   1.4142135623730951       0.45783335111185064        1.1180339970798971     
   1.2500000186264515      -0.47862222296280454     
   1.4142135623730951       0.42955734739321239        1.1401754335941068     
   1.3000000193715096      -0.40887819792066732     
   1.4142135623730951       0.40202137217681300        1.1618950125190175     
   1.3500000201165676      -0.32642856871978404     
   1.4142135623730951       0.37531108788996009        1.1832159654355690     
   1.4000000208616257      -0.23395000121599965     
   1.4142135623730951       0.34950058925001054        1.2041594668509166     
   1.4500000216066837      -0.13436717377381663     
   1.4142135623730951       0.32465245647352764        1.2247448805166494     
   1.5000000223517418       -3.0751531195859605E-002
   1.4142135623730951       0.30081794358798092        1.2449899690747712     
   1.5500000230967999        7.3780541298189964E-002
   1.4142135623730951       0.27803728984691295        1.2649110734916735     
   1.6000000238418579       0.17616655329113590     
   1.4142135623730951       0.25634014101576102        1.2845232674369569     
   1.6500000245869160       0.27349047994328385     
   1.4142135623730951       0.23574606640361076        1.3038404907548984     
   1.7000000253319740       0.36306620206975659     
   1.4142135623730951       0.21626515696066845        1.3228756653884870     
   1.7500000260770321       0.44250944359315686     
   1.4142135623730951       0.19789868952911271        1.3416407964958765     
   1.8000000268220901       0.50979639013668299     
   1.4142135623730951       0.18063984240640185        1.3601470610074295     
   1.8500000275671482       0.56330776307213970     
   1.4142135623730951       0.16447444772954906        1.3784048854789388     
   1.9000000283122063       0.60185772254463155     
   1.4142135623730951       0.14938176678619802        1.3964240147810636     
   1.9500000290572643       0.62470755611796569     
   1.4142135623730951       0.13533527517000138        1.4142135729098071     
   2.0000000298023224       0.63156465443197207     
   1.4142135623730951       0.12230344568799802        1.4317821169952432     
   2.0500000305473804       0.62256776260734559     
   1.4142135623730951       0.11025051805946907        1.4491376854158609     
   2.1000000312924385       0.59825991090515074     
   1.4142135623730951        9.9137245682112352E-002   1.4662878407862137     
   2.1500000320374966       0.55955075940395205     
   1.4142135623730951        8.8921611046215404E-002   1.4832397084701294     
   2.2000000327825546       0.50767033262572892     
   1.4142135623730951        7.9559502716486985E-002   1.5000000111758709     
   2.2500000335276127       0.44411626885060934     
   1.4142135623730951        7.1005348142487990E-002   1.5165751001096750     
   2.3000000342726707       0.37059676707537320     
   1.4142135623730951        6.3212697873410592E-002   1.5329709830971130     
   2.3500000350177288       0.28897138756730456     
   1.4142135623730951        5.6134758016048551E-002   1.5491933500253565     
   2.4000000357627869       0.20119175817473536     
   1.4142135623730951        4.9724868964747260E-002   1.5652475959118559     
   2.4500000365078449       0.10924406882114097     
   1.4142135623730951        4.3936929531461756E-002   1.5811388418645920     
   2.5000000372529030        1.5095013489871634E-002
   1.4142135623730951        3.8725766599338719E-002   1.5968719541647542     
   2.5500000379979610       -7.9357423930121448E-002
   1.4142135623730951        3.4047451304936402E-002   1.6124515616734101     
   2.6000000387430191      -0.17232723242769199     
   1.4142135623730951        2.9859563516508956E-002   1.6278820717386371     
   2.6500000394880772      -0.26217687896914932     
   1.4142135623730951        2.6121407016363587E-002   1.6431676847580514     
   2.7000000402331352      -0.34744655040692907     
   1.4142135623730951        2.2794178314935507E-002   1.6583124075330899     
   2.7500000409781933      -0.42687591569277228     
   1.4142135623730951        1.9841092426432453E-002   1.6733200655353571     
   2.8000000417232513      -0.49941845934494428     
   1.4142135623730951        1.7227469226513709E-002   1.6881943141914408     
   2.8500000424683094      -0.56424867518130006     
   1.4142135623730951        1.4920784199213447E-002   1.7029386492805216     
   2.9000000432133675      -0.62076261218559559     
   1.4142135623730951        1.2890687472371093E-002   1.7175564165285593     
   2.9500000439584255      -0.66857242825734520     
   1.4142135623730951        1.1108995048409863E-002   1.7320508204736613     
   3.0000000447034836      -0.70749573071555427     
   1.4142135623730951        9.5496560712654832E-003   1.7464249326691776     
   3.0500000454485416      -0.73754056481674268     
   1.4142135623730951        8.1886998417508693E-003   1.7606816992840018     
   3.1000000461935997      -0.75888695484853042     
   1.4142135623730951        7.0041661137489461E-003   1.7748239481533534     
   3.1500000469386578      -0.77186590955908430     
   1.4142135623730951        5.9760219831372779E-003   1.7888543953278355     
   3.2000000476837158      -0.77693677882576251     
   1.4142135623730951        5.0860684304984442E-003   1.8027756511637198     
   3.2500000484287739      -0.77466379635812688     
   1.4142135623730951        4.3178393069614939E-003   1.8165902259931468     
   3.3000000491738319      -0.76569256914024508     
   1.4142135623730951        3.6564952685834203E-003   1.8303005354091142     
   3.3500000499188900      -0.75072718370077585     
   1.4142135623730951        3.0887148761826540E-003   1.8439089051967692     
   3.4000000506639481      -0.73050849755020841     
   1.4142135623730951        2.6025847911281320E-003   1.8574175759395102     
   3.4500000514090061      -0.70579407636017988     
   1.4142135623730951        2.1874907188799849E-003   1.8708287073257306     
   3.5000000521540642      -0.67734012834840684     
   1.4142135623730951        1.8340104856608393E-003   1.8841443821796466     
   3.5500000528991222      -0.64588568096400256     
   1.4142135623730951        1.5338103831164310E-003   1.8973666102375102     
   3.6000000536441803      -0.61213914476568443     
   1.4142135623730951        1.2795456838835661E-003   1.9104973316885943     
   3.6500000543892384      -0.57676731806196957     
   1.4142135623730951        1.0647660194589329E-003   1.9235384204986123     
   3.7000000551342964      -0.54038680542978168     
   1.4142135623730951        8.8382612173140468E-004   1.9364916875316958     
   3.7500000558793545      -0.50355775494087152     
   1.4142135623730951        7.3180226141653657E-004   1.9493588834856481     
   3.8000000566244125      -0.46677976345168615     
   1.4142135623730951        6.0441457026100568E-004   1.9621417016539531     
   3.8500000573694706      -0.43048975672198614     
   1.4142135623730951        4.9795530864335156E-004   1.9748417805268677     
   3.9000000581145287      -0.39506162099736541     
   1.4142135623730951        4.0922303508570703E-004   1.9874607062429150     
   3.9500000588595867      -0.36080734419618443     
   1.4142135623730951        3.3546254792199767E-004   2.0000000149011612     
   4.0000000596046448      -0.32797941685085447     
   1.4142135623730951        2.7431040044746018E-004   2.0124611947438149     
   4.0500000603497028      -0.29677424412166448     
   1.4142135623730951        2.2374573767487433E-004   2.0248456882179346     
   4.1000000610947609      -0.26733632905626320     
   1.4142135623730951        1.8204616364753766E-004   2.0371548939243227     
   4.1500000618398190      -0.23976300228894831     
   1.4142135623730951        1.4774832139542412E-004   2.0493901684610663     
   4.2000000625848770      -0.21410949305964563     
   1.4142135623730951        1.1961285138695484E-004   2.0615528281685958     
   4.2500000633299351      -0.19039415935631424     
   1.4142135623730951        9.6593387108531335E-005   2.0736441507826249     
   4.3000000640749931      -0.16860371983802827     
   1.4142135623730951        7.7809246675877207E-005   2.0856653770008386     
   4.3500000648200512      -0.14869835581987487     
   1.4142135623730951        6.2521485738214143E-005   2.0976177119687729     
   4.4000000655651093      -0.13061657700453649     
   1.4142135623730951        5.0111988099187610E-005   2.1095023266899156     
   4.4500000663101673      -0.11427976901647531     
   1.4142135623730951        4.0065285303308861E-005   2.1213203593647108     
   4.5000000670552254       -9.9596363498753809E-002
   1.4142135623730951        3.1952813917256701E-005   2.1330729166627855     
   4.5500000678002834       -8.6465592106751338E-002
   1.4142135623730951        2.5419338501262612E-005   2.1447610749324366     
   4.6000000685453415       -7.4780803872811594E-002
   1.4142135623730951        2.0171288577360667E-005   2.1563858813511092     
   4.6500000692903996       -6.4432340958134743E-002
   1.4142135623730951        1.5966778642072794E-005   2.1679483550203535     
   4.7000000700354576       -5.5309980711886600E-002
   1.4142135623730951        1.2607100938446537E-005   2.1794494880085007     
   4.7500000707805157       -4.7304962282368843E-002
   1.4142135623730951        9.9295008968268738E-006   2.1908902463440687     
   4.8000000715255737       -4.0311623910914189E-002
   1.4142135623730951        7.8010645679391965E-006   2.2022715709627256     
   4.8500000722706318       -3.4228682685250762E-002
   1.4142135623730951        6.1135657790785088E-006   2.2135943786104288     
   4.9000000730156898       -2.8960192175419619E-002
   1.4142135623730951        4.7791379872659857E-006   2.2248595627051944     
   4.9500000737607479       -2.4416215285827682E-002
   1.4142135623730951        3.7266517837924255E-006   2.2360679941597943     
   5.0000000745058060       -2.0513250104901914E-002
   1.4142135623730951        2.8986936730802434E-006   2.2472205221675208     
   5.0500000752508640       -1.7174445789635884E-002
   1.4142135623730951        2.2490550953451893E-006   2.2583179749530227     
   5.1000000759959221       -1.4329643844415702E-002
   1.4142135623730951        1.7406527085592731E-006   2.2693611604901016     
   5.1500000767409801       -1.1915277780845099E-002
   1.4142135623730951        1.3438117361728411E-006   2.2803508671882136     
   5.2000000774860382       -9.8741612925412597E-003
   1.4142135623730951        1.0348537860811171E-006   2.2912878645493446     
   5.2500000782310963       -8.1551919334731139E-003
   1.4142135623730951        7.9493902879433587E-007   2.3021729037967922     
   5.3000000789761543       -6.7129940092683048E-003
   1.4142135623730951        6.0912007175661460E-007   2.3130067184773182     
   5.3500000797212124       -5.5075211085087094E-003
   1.4142135623730951        4.6557136927918804E-007   2.3237900250380350     
   5.4000000804662704       -4.5036355186328075E-003
   1.4142135623730951        3.5496365158956612E-007   2.3345235233793060     
   5.4500000812113285       -3.6706787667144438E-003
   1.4142135623730951        2.6995772865009321E-007   2.3452078973848751     
   5.5000000819563866       -2.9820447544809635E-003
   1.4142135623730951        2.0479620811969400E-007   2.3558438154303531     
   5.5500000827014446       -2.4147644550816623E-003
   1.4142135623730951        1.5497524115027764E-007   2.3664319308711379     
   5.6000000834465027       -1.9491089251774606E-003
   1.4142135623730951        1.1698144836749884E-007   2.3769728825107705     
   5.6500000841915607       -1.5682154649961796E-003
   1.4142135623730951        8.8081749320808921E-008   2.3874672950506817     
   5.7000000849366188       -1.2577401252989167E-003
   1.4142135623730951        6.6155983783923902E-008   2.3979157795222243     
   5.7500000856816769       -1.0055383996979020E-003
   1.4142135623730951        4.9564028346507086E-008   2.4083189337018331     
   5.8000000864267349       -8.0137483353494472E-004
   1.4142135623730951        3.7040626618886139E-008   2.4186773425101151     
   5.8500000871717930       -6.3666140281475915E-004
   1.4142135623730951        2.7612410245459224E-008   2.4289915783956211     
   5.9000000879168510       -5.0422384261723135E-004
   1.4142135623730951        2.0532629617479012E-008   2.4392622017040129     
   5.9500000886619091       -3.9809460740735492E-004
   1.4142135623730951        1.5229971574716972E-008   2.4494897610332989     
   6.0000000894069672       -3.1333079953604572E-004
   1.4142135623730951        1.1268545852184033E-008   2.4596747935757737     
   6.0500000901520252       -2.4585518201988686E-004
   1.4142135623730951        8.3166978454492028E-009   2.4698178254472705     
   6.1000000908970833       -1.9231827425415083E-004
   1.4142135623730951        6.1227740706815605E-009   2.4799193720042880     
   6.1500000916421413       -1.4997949369216832E-004
   1.4142135623730951        4.4963468867697547E-009   2.4899799381495424     
   6.2000000923871994       -1.1660533415033510E-004
   1.4142135623730951        3.2937121931126863E-009   2.5000000186264515     
   6.2500000931322575       -9.0382646167037252E-005
   1.4142135623730951        2.4067210129006208E-009   2.5099800983030356     
   6.3000000938773155       -6.9845193068591692E-005
   1.4142135623730951        1.7542040759922644E-009   2.5199206524457023     
   6.3500000946223736       -5.3811786685262042E-005
   1.4142135623730951        1.2754068510792369E-009   2.5298221469833471     
   6.4000000953674316       -4.1334449744460140E-005
   1.4142135623730951        9.2497850185359210E-010   2.5396850387621868     
   6.4500000961124897       -3.1655200483970775E-005
   1.4142135623730951        6.6915818784450577E-010   2.5495097757917202     
   6.5000000968575478       -2.4170203293772327E-005
   1.4142135623730951        4.8288111113326430E-010   2.5592967974821925     
   6.5500000976026058       -1.8400172977611964E-005
   1.4142135623730951        3.4758890250584481E-010   2.5690465348739138     
   6.6000000983476639       -1.3966056514623108E-005
   1.4142135623730951        2.4957774178098391E-010   2.5787594108587801     
   6.6500000990927219       -1.0569142996931075E-005
   1.4142135623730951        1.7875576754067795E-010   2.5884358403943066     
   6.7000000998377800       -7.9748685376106135E-006
   1.4142135623730951        1.2771106874384665E-010   2.5980762307104919     
   6.7500001005828381       -5.9996878437661595E-006
   1.4142135623730951        9.1014644933064497E-011   2.6076809815097968     
   6.8000001013278961       -4.5004777832665663E-006
   1.4142135623730951        6.4700596227607471E-011   2.6172504851605156     
   6.8500001020729542       -3.3660209554773877E-006
   1.4142135623730951        4.5879592322366571E-011   2.6267851268838136     
   6.9000001028180122       -2.5101895767269152E-006
   1.4142135623730951        3.2452270054737850E-011   2.6362852849346692     
   6.9500001035630703       -1.8665126487106930E-006
   1.4142135623730951        2.2897331737804536E-011   2.6457513307769740     
   7.0000001043081284       -1.3838632289232352E-006
   1.4142135623730951        1.6115320047661066E-011   2.6551836292530102     
   7.0500001050531864       -1.0230485461548360E-006
   1.4142135623730951        1.1313767701527036E-011   2.6645825387475321     
   7.1000001057982445       -7.5412458293390817E-007
   1.4142135623730951        7.9230034240109388E-012   2.6739484113466556     
   7.1500001065433025       -5.5428943468417237E-007
   1.4142135623730951        5.5346057963481159E-012   2.6832815929917531     
   7.2000001072883606       -4.0623705820327836E-007
   1.4142135623730951        3.8565397078635403E-012   2.6925824236285543     
   7.2500001080334187       -2.9687568440131734E-007
   1.4142135623730951        2.6805455087364467E-012   2.7018512373516193     
   7.3000001087784767       -2.1633386800951393E-007
   1.4142135623730951        1.8585011154263033E-012   2.7110883625443738     
   7.3500001095235348       -1.5719248476120292E-007
   1.4142135623730951        1.2853361763148485E-012   2.7202941220148591     
   7.4000001102685928       -1.1389349811273644E-007
   1.4142135623730951        8.8671672462585002E-013   2.7294688331273633     
   7.4500001110136509       -8.2286468715146228E-008
   1.4142135623730951        6.1019315630231852E-013   2.7386128079300858     
   7.5000001117587090       -5.9281972855068212E-008
   1.4142135623730951        4.1885531310717053E-013   2.7477263532789737     
   7.5500001125037670       -4.2587675093538612E-008
   1.4142135623730951        2.8679725404486592E-013   2.7568097709578776     
   7.6000001132488251       -3.0508057164989682E-008
   1.4142135623730951        1.9588456327820760E-013   2.7658633577951539     
   7.6500001139938831       -2.1792985301247877E-008
   1.4142135623730951        1.3345649057469149E-013   2.7748874057768438     
   7.7000001147389412       -1.5523606382013779E-008
   1.4142135623730951        9.0697110596949788E-014   2.7838822021565495     
   7.7500001154839993       -1.1026669449638260E-008
   1.4142135623730951        6.1483908386531592E-014   2.7928480295621272     
   7.8000001162290573       -7.8104128819621548E-009
   1.4142135623730951        4.1576099739186277E-014   2.8017851660993061     
   7.8500001169741154       -5.5167531373728544E-009
   1.4142135623730951        2.8044021301795452E-014   2.8106938854523404     
   7.9000001177191734       -3.8857513048627013E-009
   1.4142135623730951        1.8869096030518960E-014   2.8195744569818033     
   7.9500001184642315       -2.7292936938203298E-009
   1.4142135623730951        1.2664153471610422E-014   2.8284271458196142     
   8.0000001192092896       -1.9116626031678288E-009
   1.4142135623730951        8.4784311710798833E-015   2.8372522129613977     
   8.0500001199543476       -1.3352413100945038E-009
   1.4142135623730951        5.6619899814157051E-015   2.8460499153562653     
   8.1000001206994057       -9.3003141629298487E-010
   1.4142135623730951        3.7716984043225488E-015   2.8548205059941094     
   8.1500001214444637       -6.4599116978681467E-010
   1.4142135623730951        2.5062193760272638E-015   2.8635642339904863     
   8.2000001221895218       -4.4745397352467268E-010
   1.4142135623730951        1.6611753279177762E-015   2.8722813446691777     
   8.2500001229345798       -3.0907556106829058E-010
   1.4142135623730951        1.0983130023646910E-015   2.8809720796425009     
   8.3000001236796379       -2.1290071571601647E-010
   1.4142135623730951        7.2435429827591120E-016   2.8896366768894488     
   8.3500001244246960       -1.4624712848978277E-010
   1.4142135623730951        4.7652997249367115E-016   2.8982753708317217     
   8.4000001251697540       -1.0018366697381520E-010
   1.4142135623730951        3.1271136542839605E-016   2.9068883924077329     
   8.4500001259148121       -6.8439589535080456E-011
   1.4142135623730951        2.0469695093774192E-016   2.9154759691446386     
   8.5000001266598701       -4.6625153888496059E-011
   1.4142135623730951        1.3365750358836303E-016   2.9240383252284721     
   8.5500001274049282       -3.1676490004354612E-011
   1.4142135623730951        8.7054170281388108E-017   2.9325756815724273     
   8.6000001281499863       -2.1461455442369738E-011
   1.4142135623730951        5.6558786086242335E-017   2.9410882558833635     
   8.6500001288950443       -1.4500669574036195E-011
   1.4142135623730951        3.6654292614750492E-017   2.9495762627265805     
   8.7000001296401024       -9.7706870346442350E-012
   1.4142135623730951        2.3695390440022434E-017   2.9580399135889226     
   8.7500001303851604       -6.5655585031571930E-012
   1.4142135623730951        1.5279782050820552E-017   2.9664794169402589     
   8.8000001311302185       -4.3997612859701728E-012
   1.4142135623730951        9.8284427823832497E-018   2.9748949782933978     
   8.8500001318752766       -2.9403479781076535E-012
   1.4142135623730951        6.3061824506625225E-018   2.9832868002624782     
   8.9000001326203346       -1.9596648891301037E-012
   1.4142135623730951        4.0361064621289761E-018   2.9916550826198853     
   8.9500001333653927       -1.3025056595462186E-012
   1.4142135623730951        2.5767539990263232E-018   3.0000000223517418     
   9.0000001341104507       -8.6336291559733210E-013
   1.4142135623730951        1.6409583869706745E-018   3.0083218137120085     
   9.0500001348555088       -5.7072163862521338E-013
   1.4142135623730951        1.0424048920980419E-018   3.0166206482752460     
   9.1000001356005669       -3.7624752824595570E-013
   1.4142135623730951        6.6052548347333201E-019   3.0248967149880714     
   9.1500001363456249       -2.4736742494792409E-013
   1.4142135623730951        4.1750047901879678E-019   3.0331502002193500     
   9.2000001370906830       -1.6219297617933217E-013
   1.4142135623730951        2.6323197506834788E-019   3.0413812878091662     
   9.2500001378357410       -1.0605798823093985E-013
   1.4142135623730951        1.6555205284601544E-019   3.0495901591165984     
   9.3000001385807991       -6.9163607554455614E-014
   1.4142135623730951        1.0385914957308444E-019   3.0577769930663448     
   9.3500001393258572       -4.4981702161444566E-014
   1.4142135623730951        6.4993394146020505E-020   3.0659419661942260     
   9.4000001400709152       -2.9175559426084525E-014
   1.4142135623730951        4.0570273643367781E-020   3.0740852526915994     
   9.4500001408159733       -1.8872463850007285E-014
   1.4142135623730951        2.5261603836676324E-020   3.0822070244487199     
   9.5000001415610313       -1.2174892675297188E-014
   1.4142135623730951        1.5690188706441301E-020   3.0903074510970732     
   9.5500001423060894       -7.8330305020196229E-015
   1.4142135623730951        9.7209716705684393E-021   3.0983867000507130     
   9.6000001430511475       -5.0260131486927415E-015
   1.4142135623730951        6.0076614634228744E-021   3.1064449365466316     
   9.6500001437962055       -3.2162331345637422E-015
   1.4142135623730951        3.7035267851179903E-021   3.1144823236841885     
   9.7000001445412636       -2.0525912683401947E-015
   1.4142135623730951        2.2774024936153268E-021   3.1224990224636295     
   9.7500001452863216       -1.3064398667165030E-015
   1.4142135623730951        1.3969419439715369E-021   3.1304951918237118     
   9.8000001460313797       -8.2929545800805878E-016
   1.4142135623730951        8.5473440744207253E-022   3.1384709886784741     
   9.8500001467764378       -5.2500443224718314E-016
   1.4142135623730951        5.2167290431826692E-022   3.1464265679531591     
   9.9000001475214958       -3.3147544689036070E-016
   1.4142135623730951        3.1759937344946650E-022   3.1543620826193295     
   9.9500001482665539       -2.0872542178210372E-016
   1.4142135623730951        1.9287469739047930E-022   3.1622776837291839     
   10.000000149011612       -1.3107980253160989E-016
