  -100.00000000000000       -5.5355861069469499E-085
  -99.599999999999994       -1.2319673444204860E-084
  -99.200000000000003       -2.7417937475739214E-084
  -98.799999999999997       -6.1019742027105766E-084
  -98.400000000000006       -1.3580193332737347E-083
  -98.000000000000000       -3.0223276078847838E-083
  -97.599999999999994       -6.7263137906603977E-083
  -97.200000000000003       -1.4969686638997774E-082
  -96.799999999999997       -3.3315650301796767E-082
  -96.400000000000006       -7.4145343305989884E-082
  -96.000000000000000       -1.6501349618460739E-081
  -95.599999999999994       -3.6724428951248355E-081
  -95.200000000000003       -8.1731719706515539E-081
  -94.799999999999997       -1.8189728736292671E-080
  -94.400000000000006       -4.0481985780794234E-080
  -94.000000000000000       -9.0094316221808672E-080
  -93.599999999999994       -2.0050858817618037E-079
  -93.200000000000003       -4.4624006950032260E-079
  -92.799999999999997       -9.9312553860630264E-079
  -92.400000000000006       -2.2102415332994150E-078
  -92.000000000000000       -4.9189829942118513E-078
  -91.599999999999994       -1.0947397980177026E-077
  -91.200000000000003       -2.4363882265379333E-077
  -90.799999999999997       -5.4222817158574090E-077
  -90.400000000000006       -1.2067509884456823E-076
  -90.000000000000000       -2.6856737152846369E-076
  -89.599999999999994       -5.9770767739424554E-076
  -89.200000000000003       -1.3302228993150426E-075
  -88.799999999999997       -2.9604655064435762E-075
  -88.400000000000006       -6.5886371519802479E-075
  -88.000000000000000       -1.4663281644718251E-074
  -87.599999999999994       -3.2633733446333194E-074
  -87.200000000000003       -7.2627709434326818E-074
  -86.799999999999997       -1.6163593988875467E-073
  -86.400000000000006       -3.5972739973776567E-073
  -86.000000000000000       -8.0058805121657718E-073
  -85.599999999999994       -1.7817414748445368E-072
  -85.200000000000003       -3.9653385762589815E-072
  -84.799999999999997       -8.8250232967945114E-072
  -84.400000000000006       -1.9640450541915387E-071
  -84.000000000000000       -4.3710626535065233E-071
  -83.599999999999994       -9.7279788363837708E-071
  -83.200000000000003       -2.1650015051880239E-070
  -82.799999999999997       -4.8182994600438000E-070
  -82.400000000000006       -1.0723322654060452E-069
  -82.000000000000000       -2.3865193456042283E-069
  -81.599999999999994       -5.3112964802813304E-069
  -81.200000000000003       -1.1820507700223885E-068
  -80.799999999999997       -2.6307023682408930E-068
  -80.400000000000006       -5.8547357912020709E-068
  -80.000000000000000       -1.3029954128830087E-067
  -79.599999999999994       -2.8998696210091098E-067
  -79.200000000000003       -6.4537785288476040E-067
  -78.799999999999997       -1.4363148259376412E-066
  -78.400000000000006       -3.1965774313247003E-066
  -78.000000000000000       -7.1141139045085198E-066
  -77.599999999999994       -1.5832751664441253E-065
  -77.200000000000003       -3.5236436839870643E-065
  -76.799999999999997       -7.8420132361372780E-065
  -76.400000000000006       -1.7452721418802881E-064
  -76.000000000000000       -3.8841745831123382E-064
  -75.599999999999994       -8.6443895081267757E-064
  -75.200000000000003       -1.9238442652166681E-063
  -74.799999999999997       -4.2815941522852620E-063
  -74.400000000000006       -9.5288630251046996E-063
  -74.000000000000000       -2.1206874664369301E-062
  -73.599999999999994       -4.7196767530964380E-062
  -73.200000000000003       -1.0503833783270380E-061
  -72.799999999999997       -2.3376711990750367E-061
  -72.400000000000006       -5.2025829308994691E-061
  -72.000000000000000       -1.1578561246593202E-060
  -71.599999999999994       -2.5768561947350231E-060
  -71.200000000000003       -5.7348989282220516E-060
  -70.799999999999997       -1.2763252285525909E-059
  -70.400000000000006       -2.8405140342112454E-059
  -70.000000000000000       -6.3216802410944524E-059
  -69.599999999999994       -1.4069158113397993E-058
  -69.200000000000003       -3.1311487210798567E-058
  -68.799999999999997       -6.9684996319601443E-058
  -68.400000000000006       -1.5508681141111739E-057
  -68.000000000000000       -3.4515204626483832E-057
  -67.599999999999994       -7.6815000551533218E-057
  -67.199999999999989       -1.7095492764961061E-056
  -66.799999999999997       -3.8046718841167055E-056
  -66.400000000000006       -8.4674529975861309E-056
  -66.000000000000000       -1.8844663206214380E-055
  -65.599999999999994       -4.1939569249086671E-055
  -65.199999999999989       -9.3338227887187565E-055
  -64.799999999999997       -2.0772804635588941E-054
  -64.400000000000006       -4.6230726916080457E-054
  -64.000000000000000       -1.0288837490569661E-053
  -63.600000000000001       -2.2898228941870443E-053
  -63.199999999999996       -5.0960945700124018E-053
  -62.799999999999997       -1.1341567041030790E-052
  -62.399999999999999       -2.5241121643055166E-052
  -62.000000000000000       -5.6175149297676160E-052
  -61.599999999999994       -1.2502009392615457E-051
  -61.199999999999996       -2.7823733591662877E-051
  -60.799999999999997       -6.1922857891716299E-051
  -60.399999999999999       -1.3781185464723701E-050
  -60.000000000000000       -3.0670592294887997E-050
  -59.599999999999994       -6.8258658453379723E-050
  -59.199999999999996       -1.5191243811198451E-049
  -58.799999999999997       -3.3808734856529958E-049
  -58.399999999999999       -7.5242723163757126E-049
  -58.000000000000000       -1.6745575997216922E-048
  -57.599999999999994       -3.7267964752987758E-048
  -57.199999999999996       -8.2941380879388696E-048
  -56.799999999999997       -1.8458943781276164E-047
  -56.399999999999999       -4.1081134881971497E-047
  -56.000000000000000       -9.1427747068746865E-047
  -55.599999999999994       -2.0347619310135575E-046
  -55.199999999999996       -4.5284459572090254E-046
  -54.799999999999997       -1.0078241820234907E-045
  -54.399999999999999       -2.2429539658177150E-045
  -54.000000000000000       -4.9917858516518052E-045
  -53.599999999999994       -1.1109423719120848E-044
  -53.199999999999996       -2.4724477178868385E-044
  -52.799999999999997       -5.5025335897149407E-044
  -52.399999999999999       -1.2246113714315147E-043
  -52.000000000000000       -2.7254227286181194E-043
  -51.599999999999994       -6.0655398299833135E-043
  -51.199999999999996       -1.3499107145029070E-042
  -50.799999999999997       -3.0042815449367214E-042
  -50.399999999999999       -6.6861515389712360E-042
  -50.000000000000000       -1.4880303904083348E-041
  -49.599999999999994       -3.3116725366944121E-041
  -49.199999999999996       -7.3702627721778637E-041
  -48.799999999999997       -1.6402821453226143E-040
  -48.399999999999999       -3.6505150486908976E-040
  -48.000000000000000       -8.1243706509392438E-040
  -47.599999999999994       -1.8081119401908485E-039
  -47.199999999999996       -4.0240271261906464E-039
  -46.799999999999997       -8.9556370667011831E-039
  -46.399999999999999       -1.9931136832667647E-038
  -46.000000000000000       -4.4357560772485460E-038
  -45.599999999999994       -9.8719566987259478E-038
  -45.199999999999996       -2.1970443677319912E-037
  -44.799999999999997       -4.8896121621013889E-037
  -44.399999999999999       -1.0882031991211156E-036
  -44.000000000000000       -2.4218407581604743E-036
  -43.599999999999994       -5.3899057295774234E-036
  -43.199999999999996       -1.1995455801890579E-035
  -42.799999999999997       -2.6696377843029833E-035
  -42.399999999999999       -5.9413881532162206E-035
  -42.000000000000000       -1.3222802507042938E-034
  -41.599999999999994       -2.9427888168797203E-034
  -41.199999999999996       -6.5492969558757231E-034
  -40.799999999999997       -1.4575728428152507E-033
  -40.399999999999999       -3.2438880179444506E-033
  -40.000000000000000       -7.2194055513816600E-033
  -39.599999999999994       -1.6067082533985800E-032
  -39.199999999999996       -3.5757949780851754E-032
  -38.799999999999997       -7.9580780756263645E-032
  -38.399999999999999       -1.7711028469444995E-031
  -38.000000000000000       -3.9416618744445029E-031
  -37.599999999999994       -8.7723298278546802E-031
  -37.199999999999996       -1.9523179070125821E-030
  -36.799999999999997       -4.3449634074852399E-030
  -36.399999999999999       -9.6698938961604675E-030
  -36.000000000000000       -2.1520744640084556E-029
  -35.599999999999994       -4.7895298008143630E-029
  -35.200000000000003       -1.0659294599946556E-028
  -34.799999999999997       -2.3722696401040077E-028
  -34.399999999999991       -5.2795831774716263E-028
  -34.000000000000000       -1.1749928446843213E-027
  -33.599999999999994       -2.6149946665307796E-027
  -33.200000000000003       -5.8197776581536631E-027
  -32.799999999999997       -1.2952153372947172E-026
  -32.399999999999991       -2.8825547443606012E-026
  -32.000000000000000       -6.4152435621945524E-026
  -31.599999999999994       -1.4277387113911948E-025
  -31.200000000000003       -3.1774909373941457E-025
  -30.799999999999997       -7.0716361310846461E-025
  -30.399999999999991       -1.5738215641135183E-024
  -30.000000000000000       -3.5026043050786078E-024
  -29.599999999999994       -7.7951892372664498E-024
  -29.200000000000003       -1.7348512692880166E-023
  -28.799999999999997       -3.8609825046476329E-023
  -28.399999999999991       -8.5927745882867600E-023
  -28.000000000000000       -1.9123571535541876E-022
  -27.599999999999994       -4.2560291151302472E-022
  -27.200000000000003       -9.4719669885777855E-022
  -26.799999999999997       -2.1080250206409648E-021
  -26.399999999999991       -4.6914959617226978E-021
  -26.000000000000000       -1.0441116278670818E-020
  -25.599999999999994       -2.3237131617331134E-020
  -25.200000000000003       -5.1715187475135939E-020
  -24.799999999999997       -1.1509426635057735E-019
  -24.399999999999991       -2.5614700039802621E-019
  -24.000000000000000       -5.7006563309637402E-019
  -23.599999999999994       -1.2687043983829651E-018
  -23.199999999999989       -2.8235535647597335E-018
  -22.799999999999997       -6.2839340221634860E-018
  -22.399999999999991       -1.3985152358271294E-017
  -22.000000000000000       -3.1124528964535184E-017
  -21.599999999999994       -6.9268913090623131E-017
  -21.199999999999989       -1.5416080115537121E-016
  -20.799999999999997       -3.4309117254046157E-016
  -20.399999999999991       -7.6356344669327711E-016
  -20.000000000000000       -1.6993417021166355E-015
  -19.599999999999994       -3.7819545095546705E-015
  -19.199999999999989       -8.4168945507106731E-015
  -18.799999999999997       -1.8732143313411502E-014
  -18.399999999999991       -4.1689151622384261E-014
  -18.000000000000000       -9.2780913209742744E-014
  -17.599999999999994       -2.0648771973119212E-013
  -17.199999999999989       -4.5954687149285448E-013
  -16.799999999999997       -1.0227403710679953E-012
  -16.399999999999991       -2.2761505550334094E-012
  -16.000000000000000       -5.0656662196375424E-012
  -15.599999999999994       -1.1273847501884842E-011
  -15.199999999999989       -2.5090409037025827E-011
  -14.799999999999997       -5.5839732224508746E-011
  -14.399999999999991       -1.2427360950166282E-010
  -14.000000000000000       -2.7657600427722569E-010
  -13.599999999999994       -6.1553121735683710E-010
  -13.199999999999989       -1.3698899169872829E-009
  -12.799999999999997       -3.0487460777587030E-009
  -12.399999999999991       -6.7851091765061914E-009
  -12.000000000000000       -1.5100538175976259E-008
  -11.599999999999994       -3.3606865749788838E-008
  -11.199999999999989       -7.4793455189105171E-008
  -10.799999999999997       -1.6645589563042932E-007
  -10.399999999999991       -3.7045440813653423E-007
  -10.000000000000000       -8.2446144557673966E-007
  -9.5999999999999943       -1.8348726818252402E-006
  -9.1999999999999886       -4.0835842060608388E-006
  -8.7999999999999972       -9.0881835581200622E-006
  -8.3999999999999915       -2.0226123347861855E-005
  -8.0000000000000000       -4.5014059756372918E-005
  -7.5999999999999943       -1.0018060471230672E-004
  -7.1999999999999886       -2.2295589916077776E-004
  -6.7999999999999972       -4.9619680092254396E-004
  -6.3999999999999915       -1.1043029313479941E-003
  -6.0000000000000000       -2.4576547405332702E-003
  -5.5999999999999943       -5.4695288424301738E-003
  -5.1999999999999886       -1.2172252328364257E-002
  -4.7999999999999972       -2.7087825223731547E-002
  -4.3999999999999915       -6.0275057779093456E-002
  -4.0000000000000000      -0.13409506830258966     
  -3.5999999999999943      -0.29818890992631586     
  -3.1999999999999886      -0.66241978366034859     
  -2.7999999999999972       -1.4682665103197650     
  -2.3999999999999915       -3.2383774341318534     
  -2.0000000000000000       -7.0650824853164469     
  -1.5999999999999943       -15.052707581823640     
  -1.1999999999999886       -30.501999605640933     
 -0.79999999999999716       -55.905471759164847     
 -0.39999999999999147       -85.429783539815702     
   0.0000000000000000        0.0000000000000000     
  0.40000000000000568       -85.429783539814807     
  0.80000000000001137       -55.905471759163802     
   1.2000000000000028       -30.501999605640204     
   1.6000000000000085       -15.052707581823245     
   2.0000000000000000       -7.0650824853164469     
   2.4000000000000057       -3.2383774341317624     
   2.8000000000000114       -1.4682665103197232     
   3.2000000000000028      -0.66241978366032961     
   3.6000000000000085      -0.29818890992630742     
   4.0000000000000000      -0.13409506830258966     
   4.4000000000000057       -6.0275057779091722E-002
   4.8000000000000114       -2.7087825223730780E-002
   5.2000000000000028       -1.2172252328363909E-002
   5.6000000000000085       -5.4695288424300194E-003
   6.0000000000000000       -2.4576547405332702E-003
   6.4000000000000057       -1.1043029313479624E-003
   6.8000000000000114       -4.9619680092252987E-004
   7.2000000000000028       -2.2295589916077142E-004
   7.6000000000000085       -1.0018060471230386E-004
   8.0000000000000000       -4.5014059756372918E-005
   8.4000000000000057       -2.0226123347861275E-005
   8.8000000000000114       -9.0881835581198047E-006
   9.2000000000000028       -4.0835842060607245E-006
   9.6000000000000085       -1.8348726818251877E-006
   10.000000000000000       -8.2446144557673966E-007
   10.400000000000006       -3.7045440813652375E-007
   10.800000000000011       -1.6645589563042461E-007
   11.200000000000003       -7.4793455189103040E-008
   11.600000000000009       -3.3606865749787885E-008
   12.000000000000000       -1.5100538175976259E-008
   12.400000000000006       -6.7851091765059986E-009
   12.800000000000011       -3.0487460777586162E-009
   13.200000000000003       -1.3698899169872436E-009
   13.600000000000009       -6.1553121735681973E-010
   14.000000000000000       -2.7657600427722569E-010
   14.400000000000006       -1.2427360950165928E-010
   14.800000000000011       -5.5839732224507143E-011
   15.200000000000003       -2.5090409037025116E-011
   15.600000000000009       -1.1273847501884521E-011
   16.000000000000000       -5.0656662196375424E-012
   16.400000000000006       -2.2761505550333448E-012
   16.800000000000011       -1.0227403710679664E-012
   17.200000000000003       -4.5954687149284135E-013
   17.600000000000009       -2.0648771973118621E-013
   18.000000000000000       -9.2780913209742744E-014
   18.400000000000006       -4.1689151622383075E-014
   18.800000000000011       -1.8732143313410965E-014
   19.200000000000003       -8.4168945507104333E-015
   19.600000000000009       -3.7819545095545624E-015
   20.000000000000000       -1.6993417021166355E-015
   20.400000000000006       -7.6356344669325542E-016
   20.800000000000011       -3.4309117254045186E-016
   21.200000000000003       -1.5416080115536679E-016
   21.600000000000009       -6.9268913090621146E-017
   22.000000000000000       -3.1124528964535184E-017
   22.400000000000006       -1.3985152358270896E-017
   22.800000000000011       -6.2839340221633103E-018
   23.200000000000003       -2.8235535647596541E-018
   23.600000000000009       -1.2687043983829289E-018
   24.000000000000000       -5.7006563309637402E-019
   24.400000000000006       -2.5614700039801894E-019
   24.800000000000011       -1.1509426635057410E-019
   25.200000000000003       -5.1715187475135939E-020
   25.600000000000009       -2.3237131617330475E-020
   26.000000000000000       -1.0441116278670818E-020
   26.400000000000006       -4.6914959617225654E-021
   26.800000000000011       -2.1080250206409046E-021
   27.200000000000003       -9.4719669885777855E-022
   27.600000000000009       -4.2560291151301278E-022
   28.000000000000000       -1.9123571535541876E-022
   28.400000000000006       -8.5927745882865178E-023
   28.800000000000011       -3.8609825046475224E-023
   29.200000000000017       -1.7348512692879676E-023
   29.599999999999994       -7.7951892372664498E-024
   30.000000000000000       -3.5026043050786078E-024
   30.400000000000006       -1.5738215641134742E-024
   30.800000000000011       -7.0716361310844469E-025
   31.200000000000017       -3.1774909373940548E-025
   31.599999999999994       -1.4277387113911948E-025
   32.000000000000000       -6.4152435621945524E-026
   32.400000000000006       -2.8825547443605196E-026
   32.800000000000011       -1.2952153372946802E-026
   33.200000000000017       -5.8197776581534973E-027
   33.599999999999994       -2.6149946665307796E-027
   34.000000000000000       -1.1749928446843213E-027
   34.400000000000006       -5.2795831774714756E-028
   34.800000000000011       -2.3722696401039405E-028
   35.200000000000017       -1.0659294599946255E-028
   35.599999999999994       -4.7895298008143630E-029
   36.000000000000000       -2.1520744640084556E-029
   36.400000000000006       -9.6698938961603301E-030
   36.800000000000011       -4.3449634074851166E-030
   37.200000000000017       -1.9523179070124983E-030
   37.599999999999994       -8.7723298278546802E-031
   38.000000000000000       -3.9416618744445029E-031
   38.400000000000006       -1.7711028469444746E-031
   38.800000000000011       -7.9580780756261346E-032
   39.200000000000017       -3.5757949780850238E-032
   39.599999999999994       -1.6067082533985800E-032
   40.000000000000000       -7.2194055513816600E-033
   40.400000000000006       -3.2438880179444041E-033
   40.800000000000011       -1.4575728428152090E-033
   41.200000000000017       -6.5492969558754451E-034
   41.599999999999994       -2.9427888168797203E-034
   42.000000000000000       -1.3222802507042938E-034
   42.400000000000006       -5.9413881532161362E-035
   42.800000000000011       -2.6696377843029079E-035
   43.200000000000017       -1.1995455801890070E-035
   43.599999999999994       -5.3899057295774234E-036
   44.000000000000000       -2.4218407581604743E-036
   44.400000000000006       -1.0882031991211003E-036
   44.800000000000011       -4.8896121621012494E-037
   45.200000000000017       -2.1970443677318976E-037
   45.599999999999994       -9.8719566987259478E-038
   46.000000000000000       -4.4357560772485460E-038
   46.400000000000006       -1.9931136832667365E-038
   46.800000000000011       -8.9556370667009273E-039
   47.200000000000017       -4.0240271261904734E-039
   47.599999999999994       -1.8081119401908485E-039
   48.000000000000000       -8.1243706509392438E-040
   48.400000000000006       -3.6505150486908462E-040
   48.800000000000011       -1.6402821453225680E-040
   49.200000000000017       -7.3702627721775507E-041
   49.599999999999994       -3.3116725366944121E-041
   50.000000000000000       -1.4880303904083348E-041
   50.400000000000006       -6.6861515389711404E-042
   50.800000000000011       -3.0042815449366360E-042
   51.200000000000017       -1.3499107145028495E-042
   51.599999999999994       -6.0655398299833135E-043
   52.000000000000000       -2.7254227286181194E-043
   52.400000000000006       -1.2246113714314973E-043
   52.800000000000011       -5.5025335897147844E-044
   53.200000000000017       -2.4724477178867330E-044
   53.600000000000023       -1.1109423719120215E-044
   54.000000000000000       -4.9917858516518052E-045
   54.400000000000006       -2.2429539658176829E-045
   54.800000000000011       -1.0078241820234619E-045
   55.200000000000017       -4.5284459572088317E-046
   55.600000000000023       -2.0347619310134408E-046
   56.000000000000000       -9.1427747068746865E-047
   56.400000000000006       -4.1081134881970913E-047
   56.800000000000011       -1.8458943781275632E-047
   57.200000000000017       -8.2941380879385147E-048
   57.600000000000023       -3.7267964752985637E-048
   58.000000000000000       -1.6745575997216922E-048
   58.400000000000006       -7.5242723163756062E-049
   58.800000000000011       -3.3808734856528997E-049
   59.200000000000017       -1.5191243811197806E-049
   59.600000000000023       -6.8258658453375849E-050
   60.000000000000000       -3.0670592294887997E-050
   60.400000000000006       -1.3781185464723507E-050
   60.800000000000011       -6.1922857891714542E-051
   61.200000000000017       -2.7823733591661690E-051
   61.600000000000023       -1.2502009392614746E-051
   62.000000000000000       -5.6175149297676160E-052
   62.400000000000006       -2.5241121643054813E-052
   62.800000000000011       -1.1341567041030470E-052
   63.200000000000017       -5.0960945700121848E-053
   63.600000000000023       -2.2898228941869465E-053
   64.000000000000000       -1.0288837490569661E-053
   64.400000000000006       -4.6230726916080457E-054
   64.800000000000011       -2.0772804635588352E-054
   65.200000000000017       -9.3338227887182262E-055
   65.600000000000023       -4.1939569249084302E-055
   66.000000000000000       -1.8844663206214380E-055
   66.400000000000006       -8.4674529975861309E-056
   66.800000000000011       -3.8046718841165973E-056
   67.200000000000017       -1.7095492764960085E-056
   67.600000000000023       -7.6815000551528849E-057
   68.000000000000000       -3.4515204626483832E-057
   68.400000000000006       -1.5508681141111739E-057
   68.800000000000011       -6.9684996319599491E-058
   69.200000000000017       -3.1311487210797672E-058
   69.600000000000023       -1.4069158113397191E-058
   70.000000000000000       -6.3216802410944524E-059
   70.400000000000006       -2.8405140342112454E-059
   70.800000000000011       -1.2763252285525544E-059
   71.200000000000017       -5.7348989282218879E-060
   71.600000000000023       -2.5768561947348761E-060
   72.000000000000000       -1.1578561246593202E-060
   72.400000000000006       -5.2025829308994691E-061
   72.800000000000011       -2.3376711990749704E-061
   73.200000000000017       -1.0503833783270083E-061
   73.600000000000023       -4.7196767530961668E-062
   74.000000000000000       -2.1206874664369301E-062
   74.400000000000006       -9.5288630251046996E-063
   74.800000000000011       -4.2815941522851395E-063
   75.200000000000017       -1.9238442652166136E-063
   75.600000000000023       -8.6443895081262846E-064
   76.000000000000000       -3.8841745831123382E-064
   76.400000000000006       -1.7452721418802881E-064
   76.800000000000011       -7.8420132361370554E-065
   77.200000000000017       -3.5236436839869636E-065
   77.600000000000023       -1.5832751664440348E-065
   78.000000000000000       -7.1141139045085198E-066
   78.400000000000006       -3.1965774313247003E-066
   78.800000000000011       -1.4363148259376000E-066
   79.200000000000017       -6.4537785288474221E-067
   79.600000000000023       -2.8998696210089451E-067
   80.000000000000000       -1.3029954128830087E-067
   80.400000000000006       -5.8547357912020709E-068
   80.800000000000011       -2.6307023682408176E-068
   81.200000000000017       -1.1820507700223548E-068
   81.600000000000023       -5.3112964802810267E-069
   82.000000000000000       -2.3865193456042283E-069
   82.400000000000006       -1.0723322654060452E-069
   82.800000000000011       -4.8182994600436630E-070
   83.200000000000017       -2.1650015051879631E-070
   83.600000000000023       -9.7279788363832174E-071
   84.000000000000000       -4.3710626535065233E-071
   84.400000000000006       -1.9640450541915387E-071
   84.800000000000011       -8.8250232967942621E-072
   85.200000000000017       -3.9653385762588684E-072
   85.600000000000023       -1.7817414748444353E-072
   86.000000000000000       -8.0058805121657718E-073
   86.400000000000006       -3.5972739973776567E-073
   86.800000000000011       -1.6163593988875015E-073
   87.200000000000017       -7.2627709434324776E-074
   87.600000000000023       -3.2633733446331337E-074
   88.000000000000000       -1.4663281644718251E-074
   88.400000000000006       -6.5886371519802479E-075
   88.800000000000011       -2.9604655064434922E-075
   89.200000000000017       -1.3302228993150050E-075
   89.600000000000023       -5.9770767739421142E-076
   90.000000000000000       -2.6856737152846369E-076
   90.400000000000006       -1.2067509884456823E-076
   90.800000000000011       -5.4222817158572556E-077
   91.200000000000017       -2.4363882265378631E-077
   91.600000000000023       -1.0947397980176403E-077
   92.000000000000000       -4.9189829942118513E-078
   92.400000000000006       -2.2102415332994150E-078
   92.800000000000011       -9.9312553860627411E-079
   93.200000000000017       -4.4624006950030989E-079
   93.600000000000023       -2.0050858817616896E-079
   94.000000000000000       -9.0094316221808672E-080
   94.400000000000006       -4.0481985780794234E-080
   94.800000000000011       -1.8189728736292154E-080
   95.200000000000017       -8.1731719706513198E-081
   95.600000000000023       -3.6724428951246257E-081
   96.000000000000000       -1.6501349618460739E-081
   96.400000000000006       -7.4145343305989884E-082
   96.800000000000011       -3.3315650301795825E-082
   97.200000000000017       -1.4969686638997350E-082
   97.600000000000023       -6.7263137906600158E-083
   98.000000000000000       -3.0223276078847838E-083
   98.400000000000006       -1.3580193332737347E-083
   98.800000000000011       -6.1019742027104020E-084
   99.200000000000017       -2.7417937475738428E-084
   99.600000000000023       -1.2319673444204156E-084
   100.00000000000000       -5.5355861069469499E-085
